8 0.4651257028663597 0.43845133612035964 0.4677386171195776 0.4357508449017599 0.4697742596191776 0.43321913438432263 0.4711320783590057 0.4323735533106845 0.4720217452795026 0.4319991414552724 0.4731944880383393 0.4321489061974372 0.4730327304164308 0.4329726122793439 0.47210262409045683 0.4335716712480033 0.47060636608780304 0.4356683776383111 0.46911010808514936 0.4373157898021244 0.4678160471098812 0.4387385548526904 0.4668455013784301 0.4398617904189268 0.4659558344579333 0.4404608493875862 0.4651066069429136 0.44113479072732803 0.4642573794278939 0.4408352612429983 0.464297818833371 0.44001155516109164 0.4644191370498024 0.4392627314502675
8 0.46643050585645685 0.3530977494336451 0.4665113846674111 0.35100104304333724 0.46744149099338517 0.35077639593008997 0.468654673157699 0.34957827799277125 0.46942302186176443 0.34912898376627666 0.47120235570275804 0.348829454281947 0.4728199319218432 0.34927874850844165 0.4734669624094774 0.3496531603638537 0.47366915943686294 0.3504019840746778 0.471808946784915 0.35092616067225485 0.4703935675932155 0.35077639593008997 0.46966565829462714 0.35055174881684276 0.46942302186176443 0.3507015135590075 0.46922082483437877 0.3510759254144197 0.4692612642398559 0.3519745138674088 0.4692612642398559 0.3533223965468924 0.46881643077960755 0.35414610262879903 0.46837159731935907 0.354670279226376 0.467724566831725 0.354670279226376 0.4667944605057511 0.354670279226376 0.46626874823454834 0.3543707497420463
8 0.4527405994291509 0.3570254311296022 0.45201428609863925 0.3552962387376706 0.45068617030875047 0.3527985164565055 0.45000136060458906 0.35133830958443973 0.4497315870847679 0.34895586679317453 0.4495240689925978 0.35145358907433966 0.4488185074792195 0.3532980609127385 0.44780166882758576 0.35598791567707017 0.44668107112986716 0.3587161969380352 0.44587175057040374 0.36063752176970065 0.44605851685335685 0.36117549272256694 0.4471583627418585 0.3612139192192003 0.4495863244202489 0.3612139192192003 0.45114271011152474 0.36132919870910024 0.45193127886177126 0.3605222422798008 0.4524915777106305 0.3590620354077349 0.45292736570418773 0.35787081401210236
8 0.473555953056408 0.3027892988726851 0.4733721375769665 0.29972592914658597 0.4732986113851899 0.2981602068421353 0.4727839280427537 0.2990451803185639 0.47230600779620585 0.3001343784433992 0.4721589554126527 0.3013597263338388 0.472563349467424 0.30312967328669604 0.4727104018509772 0.30428694629433356 0.4728574542345303 0.30476347047394897
8 0.4407186418817034 0.3006391980180928 0.4407186418817034 0.29629181632148327 0.44016622872034644 0.29675212732465367 0.43958619490092177 0.2968032729916726 0.43930998832024337 0.2951666116470667 0.43917188502990423 0.29332536763438505 0.43944809161058257 0.2925070369620821 0.4399452634558037 0.2925070369620821 0.44110533109465316 0.2926604739631389 0.4416025029398743 0.29337651330140396 0.4416025029398743 0.2950131746460099 0.4416967369067685 0.2978107773152161 0.4415310129583613 0.29975431266193564 0.4412271857196151 0.3004192063331818
8 0.2812170013029582 0.1829335010685926 0.28102365669648327 0.179455595711305 0.2807750707738727 0.17873955637303993 0.27917307260593777 0.18006934371553224 0.27889686602525937 0.1815014223920624 0.27933879655434485 0.1832403750707062 0.2801397956383123 0.1838029774079145 0.28080269143194053 0.18390526874195237 0.2810512773545511 0.18385412307493343 0.2812170013029582 0.18349610340580091
8 0.2678126557905398 0.21340569686392208 0.2676792057524653 0.20846346037248217 0.26879128940308633 0.20467441239571157 0.2682130059047634 0.201132476243513 0.26959198963153347 0.19997928772884366 0.27132684012650227 0.20014402894522498 0.2719496069708501 0.20129721745989432 0.2707930399742042 0.20212092354180095 0.2703482065139558 0.2026975177991356 0.27057062324408 0.20483915361209293 0.2699478563997322 0.20632182455952486 0.2693250895553844 0.20706316003324082 0.26861335601898695 0.21175828470010882 0.2684799059809124 0.21365280868849407 0.26830197259681304 0.21464125598678205
8 0.4155091188371676 0.5908926370073501 0.4146494283538901 0.5877088284906186 0.41479271010110297 0.5862495829204499 0.4162971684468388 0.58717819373783 0.41758670417175525 0.5896987088135758 0.41844639465503286 0.5922192238893216 0.4173001406773294 0.5922192238893216 0.4162255275732324 0.5920865652011245
8 0.49860173515626033 0.7866428312188729 0.4987974618787696 0.7840152088175906 0.49816135003061435 0.7825654861134349 0.49684019465367657 0.7816594094233377 0.49620408280552136 0.7807533327332402 0.49566583431862077 0.7793942176980942 0.49527438087360215 0.7805721173952207 0.49454040566419233 0.7815688017543279 0.49664446793116723 0.7851025008457073 0.4977209649049684 0.7868240465568923
8 0.6850936171095122 0.5136926422134396 0.6845189992622411 0.5119192586221026 0.6834655332089108 0.5106778901081669 0.6824120671555804 0.511209905185568 0.6820289885907331 0.5135153038543059 0.6832739939264871 0.5149340107273753 0.6843274599798176 0.515111349086509
8 0.4626602440285074 0.530776517798733 0.4633286294590599 0.5129403649370788 0.4633286294590599 0.5093998045969746 0.46422091520623054 0.5091637672409678 0.46422091520623054 0.5134124396490926 0.46371103763641874 0.5292269425015574 0.46327705040771866 0.5325642429417178 0.4627510518059255 0.5321217882097775 0.4628251132740096 0.5313529980873111
8 0.26876179958212637 0.20694297679918017 0.2695266159368441 0.20245826703504835 0.270036493506656 0.2010420428990067 0.2718210650009975 0.20056996818699285 0.27131118743118565 0.20340241645907609 0.270163962899109 0.20623486473115935
8 0.281217528108269 0.18182782582157725 0.281217528108269 0.17984578878709354 0.28103913187127855 0.17896488343843409 0.2806823393972976 0.17863454393268682 0.27979035821234516 0.17918510977559893 0.2791957040890436 0.18138737314724754 0.2794335657383642 0.1827087311702367 0.27996875444933567 0.18358963651889615 0.2809202010466182 0.18336941018173125
