8 0.7753693511171496 0.6818954028851549 0.7703965285117609 0.682458446930701 0.7683488956742479 0.6779540945663329 0.7630835540920716 0.6745758302930569 0.7616209592081337 0.6740127862475108 0.7589882884170457 0.6779540945663329 0.75606309864917 0.6785171386118789 0.7563556176259574 0.6818954028851549 0.7563556176259574 0.6869627992950689 0.7578182125098956 0.6880888873861609 0.7578182125098956 0.6942823718871669 0.758110731486683 0.699349768297081 0.7657162248831598 0.7010389004337189 0.7654237059063722 0.6925932397505289 0.7683488956742479 0.6942823718871669 0.770396528511761 0.6937193278416208 0.7703965285117609 0.6875258433406148 0.7762469080475123 0.6880888873861609
8 0.748021258561894 0.6921061509094024 0.7486537106633577 0.6917257285927326 0.7497605018409188 0.6915735596660647 0.7509858777875043 0.6915735596660647 0.7520531407087239 0.6917257285927326 0.7520531407087239 0.6932474178594117 0.751381160350919 0.6938560935660835 0.7502743691733578 0.6940843469560852 0.7490489932267724 0.6941604314194191 0.7480607868182356 0.6937039246394154 0.7477840890238453 0.692714826616074
8 0.7529413566059433 0.693410860863773 0.7554626883391358 0.6933249654717047 0.7561320684452927 0.6933679131677389 0.7567791358812448 0.6935397039518755 0.7569576372428868 0.6946563440487633 0.7566675725302187 0.6952576117932413 0.7559312544134457 0.6955152979694462 0.754302429488463 0.6957729841456513 0.7523389145104018 0.6957300364496171 0.7520042244573232 0.694871082528934 0.752182725818965 0.6937973901280805 0.7525620412124542 0.6932820177756706
8 0.7211359100407887 0.6403081570666918 0.7224727837353191 0.6437391311599228 0.7208812674323067 0.6455771529955823 0.7197353756941376 0.64643489651889 0.7194170724335351 0.6454546182065383 0.7190987691729327 0.6434940615818349 0.7194170724335351 0.6428813876366151 0.7198626969983788 0.6411659005899996
8 0.6893138034535408 0.666138308949705 0.691671904141012 0.6665329959559113 0.6930047436600176 0.6659409654466019 0.6936199003610972 0.6645595609248793 0.6930047436600176 0.6631781564031571 0.6899289601546202 0.662980812900054 0.68912197174322 0.6633246058613977 0.6872069645598738 0.6631436185247268 0.6870912179196548 0.6610271085321494 0.6877278244408597 0.6595789701161753 0.6803200394668381 0.659467574853408 0.6789889531043187 0.6595789701161753 0.6784102199032231 0.6600245511672442 0.6784680932233327 0.6623638516853564 0.6774263734613609 0.6645917569407012 0.6769055135803751 0.6652601285173045 0.6863388647582306 0.6657057095683734 0.6872069645598738 0.6657057095683734 0.6877278244408597 0.6657057095683734
8 0.6744169608156647 0.6693817532396923 0.6760952870988415 0.6691589627141581 0.6778893600222373 0.6688247769258563 0.6792204463847569 0.6688247769258563 0.6797413062657427 0.6702729153418303 0.6798570529059618 0.6712754727067355 0.6790468264244283 0.6716096584950373 0.6770791335407037 0.6717210537578047 0.6749378206966505 0.6711640774439682
8 0.6791625730646473 0.6718324490205717 0.681477505869029 0.6689361721886234 0.6887695442028314 0.668713381663089 0.6894640240441459 0.66826780061202 0.6898112639648031 0.6701615200790632 0.6931100432110471 0.6703843106045976 0.6928206766104994 0.6726122158599424 0.694499002893676 0.6728350063854769 0.6946147495338951 0.6746173305897527 0.6940360163327998 0.6750629116408217 0.6920104501289657 0.6755084926918907 0.6906793637664462 0.675619887954658 0.6900427572452413 0.675619887954658 0.6901006305653509 0.6732805874365458 0.6875542044805311 0.6731691921737787 0.6870912179196548 0.6757312832174251 0.6857601315571352 0.6753970974291235 0.6848920317554921 0.6735033779620803 0.6814196325489194 0.6736147732248476 0.679451939665195 0.6731691921737787
8 0.6737203286607926 0.669523529028669 0.6752508627463343 0.6693394046274007 0.677642322254993 0.6692473424267666 0.6788380520093223 0.6689711558248645 0.6796033190520933 0.6692473424267666 0.6796989774324396 0.670720337636912 0.6785510768682834 0.6709965242388143 0.6763509341203172 0.6711806486400824 0.6748204000347758 0.6711806486400824 0.6740073038018316 0.6705362132356438
8 0.936763335094447 0.5358721189319132 0.9359930412037891 0.53572385183717 0.93321998319742 0.5373547898793452 0.9302158370238538 0.5397270633952364 0.9257481324580374 0.5456577471849642 0.9231291332298003 0.5506988284062329 0.9221277511719447 0.5514401638799489 0.9214344866703524 0.5483265548903418 0.924361603454853 0.5426924052901002 0.928290102297209 0.537206522784602 0.9318334541942357 0.5345377150792244 0.9342213652552754 0.5339446467002515
8 0.9066704314948272 0.5719113424491 0.9055426442095147 0.5753845881037163 0.9020465036250462 0.5699576417683784 0.897648133212328 0.5612745276318378 0.896294788469953 0.5569329705635675 0.8947158862705156 0.5556305034430864 0.8947158862705156 0.5528084913487107 0.897648133212328 0.5532426470555377 0.8996781503258902 0.5569329705635675 0.9037381845530149 0.5662673182603487
8 0.8003638107417462 0.48770368227818767 0.8021801234426147 0.4908819191300149 0.7990428560502054 0.5013701007410449 0.7955753499849111 0.5013701007410449 0.790456650555191 0.5096335165557959 0.7841821157703726 0.5264781718704804 0.7792285356770948 0.5391911192777895 0.7772471036397838 0.5417337087592513 0.7762563876211281 0.5391911192777895 0.7833565190881595 0.5191682271112776 0.7891356958636502 0.5045483375928722 0.7939241566204852 0.49723839283366944 0.7960707079942388 0.49533145072257306 0.7975567820222222 0.49469580335220764
8 0.42978412214096373 0.672785845584693 0.4338666797614511 0.6718962430162339 0.43779517860380707 0.6715997088267475 0.44095338355550495 0.6720445101109772 0.44180070683522876 0.6721927772057203 0.4548957029764151 0.6726375784899499 0.4548186735873493 0.6744167836268683 0.44164664805709714 0.6751581191005842 0.4408763541664392 0.6754546532900706 0.43271123892546415 0.6751581191005842 0.4294760045847005 0.6747133178163546
8 0.8192510195596205 0.3648654555096033 0.8200879678190189 0.3641379215387848 0.8208979177474691 0.3641379215387848 0.8212758943807459 0.36502135564620725 0.8211409027260043 0.3668921572854548 0.8206549327689342 0.36813935837828654 0.8196829928547938 0.36865902550029966 0.8189000412572919 0.36834722522709173 0.8186300579478085 0.36704805742205876 0.8187110529406535 0.3653851226316165
