8 0.42161405455063516 0.523472598083573 0.4314390490340357 0.5227075186652459 0.4282950507993475 0.5196472009919373 0.42672305168200336 0.5188821215736101 0.4239720532266513 0.5158218039003015 0.42495455267499127 0.5204122804102644
8 0.405426230927004 0.5210412684952326 0.4134648627770589 0.5213890318671994 0.4138221353037281 0.5092173138483584 0.41042804630037144 0.5161725812876962 0.40774850235035326 0.5193024516353981
8 0.4038329191254899 0.46353575227602356 0.405443463948942 0.46353575227602356 0.407993493252741 0.4664098297302954 0.41148300703688706 0.47006774649027766 0.4124224915172341 0.4758159013988213 0.41215406737999205 0.48208661584450524 0.411080370831024 0.48443813376163675 0.40906718980170903 0.4862670921416278 0.407456644978257 0.5011600389501272 0.407725069115499 0.5118725094615039 0.4046381915372159 0.5110886701557935 0.4042355553313529 0.4961957233472941 0.40450397946859495 0.48339301468735607 0.40450397946859495 0.4713741453331285
8 0.35209809241564066 0.5170581861141269 0.3551983912007858 0.5182078170958355 0.35844632326141407 0.5167707783686997 0.35933212291431266 0.5184952248412628 0.3577081568839986 0.5210818945501073 0.35416495827240413 0.5213693022955346 0.35062175966080955 0.5190700403321171 0.3503264931098434 0.5147589241507095
8 0.36754692779808446 0.5139601257957473 0.36956363807037607 0.5168154473565169 0.371488679693927 0.5168154473565169 0.373047046722516 0.5177077353442573 0.3721303602351107 0.5189569385270939 0.3698386440165976 0.5200276841123825 0.3677302650955656 0.5180646505393535
8 0.34225719105752744 0.4624269691058036 0.3425256151947695 0.4689589633200578 0.3425256151947695 0.47340071938575057 0.3425256151947695 0.48280679105427654 0.34198876692028546 0.48646470781425877 0.34024401002821236 0.4848970292028378 0.34024401002821236 0.4736619991543207 0.3401097979595914 0.46765256447720693 0.33970716175372845 0.4632108084115142
8 0.3248221640678327 0.49539832734756645 0.3256762408681482 0.49539832734756645 0.32543221892520097 0.48755993429046157 0.32897053709793644 0.48755993429046157 0.3303126577841465 0.49658596265924904 0.330800701670041 0.48684735310345206 0.330800701670041 0.47972154123335664 0.3284824932120419 0.47829637885933757 0.3245781421248855 0.47829637885933757 0.32372406532457 0.4828093930437313
8 0.3049624129677367 0.4651610577032112 0.3127711151420495 0.4656361118278842 0.31240508222762864 0.469199017762932 0.30410833616742117 0.4682489095135859
8 0.30135379504655296 0.4783408226566287 0.30811985801009106 0.4783408226566287 0.307898019880139 0.48287543021032575 0.30079919972167274 0.4837391649824585
8 0.3182422407382392 0.523972135718587 0.3234226923749412 0.5187556851390837 0.32127905721492667 0.5135392345595803 0.317527695684901 0.5197989752549843
8 0.3266381451149632 0.5128437078156466 0.3282458714849742 0.5180601583951499 0.33038950664498884 0.5159735781633485 0.32949632532831613 0.511452654327779 0.3280672352216396 0.5093660740959777
8 0.31834214421540824 0.4798011018295967 0.31855829409404307 0.4856922133507158 0.3202874931231216 0.48527141967063586 0.3200546148365433 0.47923252643584063
8 0.3221769057720107 0.4691915684415444 0.3249831581159044 0.46657877075584275 0.3259592458876936 0.4696666225662174 0.3236410374296944 0.47156683906490954
8 0.38663751400218854 0.5201159921670523 0.38919201256787267 0.5170556744937437 0.3901745120162127 0.521263611294543 0.3882095131195326 0.5250890083861788
8 0.376215058314523 0.4785977046335029 0.37617745044020995 0.49331692510831365 0.37499638423634507 0.4956161870717311
8 0.37048793772408606 0.47260692683284844 0.3702914378344181 0.4802577210161201 0.36812993904807 0.48217041956193796 0.367343939489398 0.4760497842153207
