8 0.7339455909431136 0.5099295199994588 0.7392510879641498 0.5072260435903603 0.742395086198838 0.5068398326747748 0.742591586088506 0.5122467854929718 0.7431810857575101 0.5164951055644121 0.7365000895087978 0.5215158474670236 0.7339455909431136 0.5219020583826091 0.7339455909431136 0.5180399492267541
8 0.7121767553666981 0.5392108303728981 0.7145925726018763 0.5397384048768057 0.7167399656998122 0.5371005323572681 0.7168741777684333 0.5305058510584242 0.7149952088077393 0.5326161490740542 0.7135188760529083 0.5352540215935918 0.7116781462431043 0.5371133522128857
8 0.7276617816429956 0.548100357610927 0.7297072804165444 0.5498871699326281 0.7318285384039285 0.5512272791739039 0.731601260762423 0.5528651904687965 0.7275860224291604 0.5530140914956049
8 0.7976129932365229 0.6811217978819193 0.8174594820929919 0.6714665249922818 0.8420219683014929 0.660652619355888 0.8488994644398733 0.6571767211156189 0.8488994644398733 0.661425041187059 0.8249264779003762 0.6737837904857948 0.8105819859546114 0.6803493760507483 0.799970991912539 0.6838252742910177
8 0.8089908234814918 0.6872856074183271 0.8114267725269628 0.6863280596937351 0.8138627215724342 0.6885623377177832 0.8145123079845598 0.6914349808915595 0.8119139623360572 0.6927117111910158
8 0.8517746216503442 0.5722978455433623 0.8517746216503442 0.592380813153808 0.8492201230846602 0.5916083913226369 0.8490236231949921 0.5804082747706576
8 0.8528526751919171 0.5521809378424077 0.8537172747064562 0.5177695452637403 0.8558787734928042 0.4922796248350978 0.858957458543239 0.47645333311385907 0.8660190750782384 0.4620600247118189 0.8799471014921548 0.44077177171919063 0.8992514687680174 0.41900189276110483 0.9106442101111497 0.403451979219615 0.9103277450738405 0.3972320138030191 0.9020996541038006 0.40718395846957256 0.883111751865247 0.42957583396931787 0.870453150372878 0.4463697405941269 0.8631744545147658 0.4581876748856592 0.8577945488805089 0.47000560917719136 0.8539776875895216 0.4861456481589802 0.8525510920519769 0.5113806424992728 0.8509581723490426 0.5520287259355637
8 0.9795362470072396 0.31436902354680846 0.9845076942158403 0.3058723834039276 0.9890468416671712 0.3037482233682074 0.9944506116823331 0.3024737126827407 0.9993515503640957 0.3037482233682074 0.9995677002427306 0.30714687942535973 0.9935155036409558 0.3088462074539359 0.9874633070391812 0.30969587146822397 0.9848695084955633 0.3139441915396644
8 0.9187385634693469 0.3682319589918557 0.9210608348926961 0.3654231523330521 0.9228471975260416 0.36752975732715476 0.920703562366027 0.37104076565065924
8 0.9189167999835327 0.3819360667574083 0.9241632717568992 0.37450206238416606 0.92989778741616 0.369226317345091 0.9364863798757367 0.3646699920840716 0.9372184457045785 0.36874670415972055 0.9250173485572145 0.37929819423787076 0.9203809316412164 0.3850535524623163
8 0.7780406180897499 0.47093619309247925 0.8324156408002211 0.4596469558613577 0.8454350124351229 0.4679257298308469 0.8306193757585185 0.46970349124391597 0.8057729472094473 0.46867539778662737
8 0.8330366002150628 0.4855514084856846 0.8450052298584778 0.47361398018576945 0.8498284089685109 0.47361398018576945 0.8442906848051396 0.47958269433572703 0.835001599111743 0.4887113159768387
8 0.3839199048301166 0.6441992588150696 0.38581860563567644 0.6454870776966983 0.3857076865707005 0.6478851436235508 0.3840439005960599 0.6494111855770022 0.3839867312326249 0.647008179853457
