8 0.41628227965161846 0.5425256191801896 0.4316842723155661 0.5449230970515467 0.4308124621805272 0.5471026223891442 0.4293594452887956 0.5490641951929818 0.43662452974745364 0.5617054421510468 0.450573491908077 0.5675901605625598 0.4552231459616182 0.5688978757651183 0.45929161027295756 0.5710774011027157 0.4276158250187177 0.5712953536364754 0.4406929770443021 0.5680260656300793 0.4281970317754103 0.5619233946848066 0.4229661709651765 0.558218201610891 0.4215131540734449 0.5521155306656182 0.4177353101549428 0.551461673064339
8 0.46830029798720263 0.569987638433917 0.4656848675820857 0.5686799232313585 0.46452245406870046 0.5706414960351962 0.46452245406870046 0.5730389739065533 0.4665566777171247 0.5743466891091118 0.468590901365549 0.5732569264403131
8 0.498979310046052 0.5675056488251089 0.49771621720687426 0.5660170036932207 0.4960922406993598 0.5657463409419684 0.4942878223576773 0.5661523350688469 0.4939269386893408 0.5673703174494826 0.49464870602601385 0.5687236312057445 0.49699444987020125 0.5687236312057445
8 0.5341654677088624 0.5623630565513135 0.5294739800204877 0.5623630565513135 0.5273086780104685 0.5623630565513135 0.5273086780104685 0.5639870330588279 0.5289326545179829 0.564799021312585 0.5314588401963385 0.5652050154394636 0.5339850258746941 0.5652050154394636
8 0.5399396064022466 0.5436873267148988 0.5283913290154781 0.5435519953392727 0.5292935381863194 0.5458526287249179 0.5413831410755927 0.5461232914761703
8 0.6139207584112324 0.559927091790042 0.6164469440895881 0.5604684172925468 0.6178904787629341 0.5614157369219301 0.6166273859237562 0.5629043820538182 0.6146425257479053 0.5631750448050706 0.6133794329087277 0.5631750448050706 0.6130185492403911 0.5615510682975563
8 0.5184196407102057 0.5438029120006876 0.5256910485484184 0.5440802114521449 0.5253213159464755 0.5458364413113743 0.5191591059140919 0.5456515750104027
8 0.4312749678532243 0.6243341215920931 0.4283979944075957 0.6243341215920931 0.4274390032590528 0.6250533649535002 0.4271193395428719 0.6308073118447574 0.4319142952855862 0.630327816270486
8 0.6066529774987784 0.612558199804586 0.6104956667992257 0.612558199804586 0.6104956752361633 0.6163408470847137 0.6052119690111107 0.6168812252675892
8 0.692633150596285 0.6446206386551924 0.6931134867588411 0.6419187477408156 0.6887904612958379 0.6415584956188985 0.6875896208894481 0.6417386216798571 0.6868691082086766 0.6451610168380678
