8 0.38980320855886175 0.621875164331071 0.3937161618893321 0.6220884716014228 0.3941354068890254 0.6190310673930478 0.3941354068890254 0.6131295662466496 0.3941354068890254 0.6084368062989113 0.39343666522286985 0.6070858602533502 0.3917596852240969 0.6070858602533502 0.3914801885576347 0.608152396605109 0.39120069189117257 0.6106409814258793 0.39120069189117257 0.6128451565528473 0.39134044022440373 0.6159025607612223 0.39120069189117257 0.6176090189240362 0.3914801885576347 0.6188888625461467 0.3917596852240969 0.6198131940510042 0.39134044022440373 0.6205953207089606 0.3899429568920929 0.6208086279793124
8 0.4302680795847531 0.6031118826305457 0.4291420078141514 0.6035340437887883 0.42724546588471696 0.6036245068941261 0.4255859916964618 0.6035943525256802 0.42475625460233424 0.6034435806834506 0.4244599199258601 0.6030515738936539 0.42493405540821866 0.602689721472303 0.42576379250234625 0.6024484865247358 0.42754180056119107 0.6023278690509521 0.4290234739435618 0.6023580234193981 0.42997174490827894 0.6025691039985194 0.4302680795847531 0.6027801845776407
8 0.8385401143189064 0.614254718275579 0.8348175646324013 0.6144489739232822 0.8307132149780493 0.6151288686902436 0.8259407153799658 0.6161001469287598 0.8223136156854222 0.616585786048018 0.8199273658863805 0.6170228612553502 0.8176365660793004 0.6174599364626826 0.8167775161516453 0.6175085003746084 0.8173502161034153 0.6169257334314987 0.8185910659989168 0.6163915304003147 0.8205955158301121 0.6158087634572049 0.8235544655809239 0.6150803047783178 0.8275633652433142 0.6144004100113565 0.8300450650343177 0.6140604626278757 0.8315722649057044 0.6137205152443951 0.829663265066471 0.6135748235086177 0.8256543654040808 0.6134291317728402 0.8238408155568089 0.6132834400370628 0.8225045156693457 0.6126035452701014 0.8222181656934606 0.6118750865912143 0.8225999656613072 0.6114380113838819 0.8237453655648472 0.6112437557361787 0.826227065355851 0.6110980640004012 0.8278497152191991 0.6112437557361787 0.8299496150423561 0.6115351392077336 0.8330040147851294 0.6122635978866208 0.8345312146565163 0.6127978009178047 0.8362493145118264 0.6129920565655079 0.8382537643430215 0.6129920565655079 0.8390173642787147 0.6133805678609144 0.8392082642626382 0.6137690791563208
8 0.6026725472706734 0.6013592389859713 0.6009985019868982 0.6019270629396476 0.6002544818607759 0.6027787988701622 0.6011845070184288 0.6034412601494512 0.6024865422391428 0.6032519854982258 0.6037885774598568 0.6027787988701622 0.6049046076490403 0.6020217002652603
8 0.3144362243070834 0.6083401265381869 0.3138625203734295 0.6093617565411341 0.3144362243070834 0.6102739261866227 0.3157987711495115 0.6108577147597354 0.31809358688412714 0.6109306883313744 0.3191692817597283 0.6106387940448181 0.3200298376602092 0.6099820319000663 0.3201015506519159 0.6091428358262169 0.3193844207348485 0.608413100109826 0.3183804388509542 0.6080847190374501 0.3169461790168194 0.6079387718941719 0.315942197132925 0.6079387718941719 0.3151533542241508 0.608011745465811
8 0.3533088725348064 0.601543592856948 0.35304809801950915 0.6027377058474057 0.3533088725348064 0.6038323094219921 0.35415638970952235 0.6042635168907684 0.35526468139953565 0.6040976678643161 0.3564381667183733 0.6034342717585062 0.35669894123367046 0.6027708756526963 0.3565033603471975 0.6021074795468864 0.3555906495436572 0.6016431022728195 0.3544171642248196 0.601410913635786
8 0.38405935384406414 0.6002769147425172 0.3821089483385871 0.6005015966267345 0.3795329410672023 0.600520320117086 0.3778033361849868 0.6005390436074374 0.37692013369194066 0.6002581912521658 0.3772513346268329 0.5999773388968942 0.3778401362888637 0.5998462744644341 0.3798273418982177 0.5996964865416224 0.38122574584554086 0.5996590395609196 0.3825137494812332 0.5996590395609196 0.3833601518704025 0.5997526570126768 0.3839121534285564 0.5999398919161912
8 0.33415614108049885 0.6114452094519256 0.3446400610394948 0.6121334809109272 0.3578295087298444 0.612477616640428 0.3634096596757616 0.6121334809109272 0.36645337837353464 0.6117033112490512 0.36712976030637307 0.6108429719252991 0.365438805474277 0.6103267683310479 0.35630764938095794 0.6101547004662976 0.3463310158715909 0.609896598669172 0.33939810105999685 0.6098105647367967 0.33517071397975656 0.6098105647367967 0.33263428173161236 0.6099826326015472 0.33263428173161236 0.6104988361957984
8 0.4190058936684354 0.6016174666303988 0.4149969940060452 0.6008404440395858 0.4120380442552334 0.600014857536847 0.40888819452049824 0.5992863988579599 0.4078382446089199 0.5988493236506276 0.4078382446089199 0.5984122484432953 0.4090790945044216 0.5983151206194437 0.41070174436777 0.5985579401790727 0.41251529421504174 0.598995015386405 0.4145197440462368 0.5996749101533664 0.41747869379704866 0.6003548049203278 0.4190058936684354 0.6007433162157342 0.4197694936041288 0.6010346996872891 0.41986494359609045 0.6012775192469181
8 0.8586631825197851 0.5973214239934881 0.8534240222075151 0.5985641140406143 0.8493292175523592 0.5992585779811535 0.846284362808782 0.6001667231341661 0.8447094379414143 0.6009146073778237 0.8436594880298359 0.6011817088934156 0.8433445030563624 0.6009146073778237 0.8434494980475203 0.6003269840435213 0.8439744730033095 0.5994188388905086 0.84491942792373 0.5987777952530879 0.8468093377645711 0.5984038531312591 0.8522690773047789 0.5975491282813649 0.8558389070041453 0.5970683455532994 0.8577057159534314 0.596790099423321 0.8584119877283324 0.596768961578955 0.8588897598113537 0.5967372548124059 0.8593467591951132 0.5968112372676869 0.8595544861877312 0.5968957886451509 0.8594713953906841 0.597001477866981 0.8592844410973277 0.597117736010994 0.8590143960069244 0.5972339941550071
