8 0.1258725551664768 0.6004850436483637 0.13069567986013586 0.6029828084691063 0.13806597777783233 0.6092949671820486 0.14394724167624548 0.6105937643782332 0.13726989119859842 0.6133034138474234 0.13088664113252896 0.6105362664186115 0.12498703897632459 0.6052921756130965 0.12433152762563521 0.599392573456892
8 0.12073288928492197 0.613614729243754 0.12442660463441131 0.613943059497042 0.12812031998390067 0.6157488758901257 0.13095216841850915 0.6187038481697172 0.1323065307133219 0.6237929670956803 0.13242965455830488 0.6283895906417115 0.1273815769140028 0.630687902414727 0.12159475619980281 0.631016232668015 0.11900915545516028 0.6203454994361569 0.11876290776519433 0.614435554876974
8 0.09323609644314795 0.6632388241857499 0.09716374709810495 0.659446609760274 0.09973703545824918 0.6635999874643664 0.09987247168773047 0.666308712053992 0.09337153267262922 0.6657669671360668
8 0.11718300711118976 0.6612776911663484 0.12617104779494717 0.6611135260397044 0.12838727700464075 0.6632476726860759 0.1281410293146748 0.6662026449656673 0.12444731396518546 0.6640684983192958 0.11718300711118976 0.6647251588258718
8 0.18602366415905286 0.6544149409872582 0.19225373071519158 0.6565819206589584 0.19712943497651753 0.657845992134117 0.20186970300836216 0.6596518085272006 0.2056619174338379 0.659832390166509 0.20755802464657575 0.6600129718058174 0.20715171595813192 0.6634440229526762 0.20037990448406812 0.6648886760671434 0.19536876399326095 0.6641663495099098 0.18886782497815968 0.659832390166509
8 0.27193408775249855 0.6614599390864945 0.28935326291157787 0.6602986607425556 0.28848230415362386 0.6548793618041756 0.27193408775249855 0.6548793618041756 0.26554705686083613 0.6452020422713537 0.259740665141143 0.6467504133966052
8 0.2741580139082614 0.6152616410824975 0.27495118264259555 0.6229289388477275 0.277330688845598 0.6224001596915048 0.277727273212765 0.6123533557232722
8 0.2678126640335882 0.6335045219721828 0.2725716764395931 0.6335045219721828 0.27237338425600954 0.6403786510030787 0.26801095621717175 0.6401142614249673
8 0.29293228721894793 0.5824217931302546 0.295911884267536 0.5788462766719489 0.3002322999879887 0.5830177125399721 0.29680576338211245 0.5867918688015171
8 0.4235303242390216 0.6445004817084965 0.4409800363943728 0.6433371675648064 0.44141627919825654 0.6206525417628499 0.4438156146196173 0.6203617132269273 0.44401494966216787 0.6465407111275663 0.423753689731769 0.6489243887664365
8 0.4312827590417976 0.5566840477956523 0.4356451870806354 0.5546482480441947 0.43935325091364746 0.5543574195082721 0.44589689297190416 0.5566840477956523 0.4439338003544272 0.5625006185141027 0.4395713723155893 0.5651180753374053 0.432373366051507 0.5627914470500252
8 0.40990686165149237 0.5595923331548774 0.41348733913888386 0.5597634812093484 0.4133383592864545 0.5635376374708932 0.4111036615000135 0.5657226753065245 0.40931590327086065 0.5635376374708932
8 0.4158710269532789 0.5947373690306041 0.41403943256510234 0.5952800636641379 0.41373416683373954 0.5971794948815061 0.41505698500297816 0.5985362314653406 0.41658331365979195 0.5982648841485737 0.41821139756039327 0.5981292104901903 0.4174991108538802 0.5939233270803034
8 0.4499532752828497 0.5505212219136734 0.5277589243267373 0.5400697168182257 0.6340144411991913 0.5192975439874142 0.7244356375324561 0.4961126218506798 0.722528528172123 0.5034542235410598 0.6461744770581587 0.5220346770440777 0.5239499313586189 0.5448731511415373 0.45137003486245497 0.5553246562369849
8 0.8273151525390109 0.5417549347744433 0.8392589003064197 0.5408181702436662 0.8399614737045026 0.5478439042244948 0.8276664392380524 0.5492490510206606
8 0.8419638424086381 0.5625112011886855 0.987843372492972 0.5076505232082522 0.991116310667941 0.5126378575701096 0.8447277273778093 0.5672935292305867
8 0.8344828408658518 0.45840059638490865 0.9644652426717647 0.39294183288552803 0.9985973122107275 0.3761095794142587 0.9990648748071516 0.38234374736658067 0.9289304853435296 0.42099558867097686 0.8447692179871831 0.459647429975373
8 0.3153938047264817 0.40544770039631944 0.3245549036080411 0.41271841379438245 0.3243367822060992 0.41504504208176257 0.3184475043536682 0.41562669915360767 0.3153938047264817 0.4101009569710798
8 0.06323160582745792 0.6050134537225329 0.0721734490757853 0.6050134537225329 0.07600566761078274 0.6169359113869693 0.07568631606619963 0.6284325669919618 0.07472826143245026 0.6348195978836242 0.06802187899620472 0.6177875155058578
