8 0.8517049410552676 0.8399675558657052 0.8014444271457419 0.8289637686492374 0.7820818349173537 0.8786610887021005 0.760298918660417 0.9283584087549636 0.7472291689062548 0.9567568773565995 0.8082213344256778 0.9664381734707936 0.8101930881026624 0.9488440186805953 0.8149449009178719 0.9206154483885447 0.8261317322369369 0.8838244466296704 0.8394024014518119 0.8581659150937252
8 0.8496572924697593 0.8408976950369137 0.831288953017287 0.8386542337297415 0.8220346751252017 0.8365977275315004 0.8199314301497277 0.8386542337297415 0.8216140261301069 0.8397759643833276 0.8248390017591669 0.8401498746011896 0.8319900346757783 0.8416455154726379 0.8370378226169157 0.8427672461262239 0.8419453942263548 0.8435150665619479 0.8488159944795697 0.8438889767798099
8 0.8122125702991839 0.8348764117205589 0.809596092156657 0.8333937407731269 0.8057367868964295 0.8327832292065372 0.8010925381934442 0.8306028307544312 0.7986068839580435 0.8300795351259259 0.7973640568403431 0.8308644785686841 0.7980835883295382 0.831562206073358 0.8008963023327547 0.8329576610827057 0.8028586609396499 0.8337426045254638 0.8052789032214873 0.8344403320301378 0.807764557456888 0.8348764117205589 0.8103156236458517 0.8354869232871485 0.8117546866242417 0.8355741392252327
8 0.8198480586103808 0.8710584506568663 0.8173197400823881 0.8700752156737578 0.8150492498469206 0.8697533916587468 0.8134219156850659 0.8699347535333137 0.8108935971570732 0.8682492078479853 0.8078385456024154 0.866985048583989 0.8049941872584236 0.866985048583989 0.8049941872584236 0.8678278214266533 0.8056262668904217 0.8682492078479853 0.8073118125757504 0.8686705942693175 0.808921951777269 0.8696319862585941 0.8108843103841643 0.8694734118257137 0.811538429919796 0.8699491351243549 0.8127872035787295 0.8710591561545179 0.8138575810006724 0.8710591561545179 0.8153442163089263 0.8709005817216373 0.8160578012568882 0.871455592236719 0.8165335245555295 0.8719313155353603 0.8179012290391231 0.8720106027518005 0.8193878643473771 0.8718520283189202
8 0.8134539135537667 0.9170391773447204 0.8101019761113523 0.9149960916655343 0.8084738922107509 0.9135914702610939 0.807228886874997 0.9130806988412974 0.8058881118980311 0.9130806988412974 0.805983881539243 0.9139745488259413 0.8064627297453022 0.9151237845204835 0.8084738922107509 0.916783791634822 0.8101977457525642 0.9178053344744151 0.8129750653477078 0.9181884130392625
8 0.80913740805335 0.939780748832682 0.8004439954880579 0.9349199160004757 0.7966581545322048 0.9321155893665104 0.7944146932250326 0.9308069036039933 0.794134260561636 0.9330503649111656 0.7939940442299377 0.9358546915451308 0.7965179382005064 0.9375372875255098 0.7990418321710752 0.937911197743372 0.801705942473342 0.93940683861482 0.8054917834291954 0.9412763897041303 0.8082961100631604 0.9427720305755785
8 0.7000873825209808 0.8953140426463494 0.6919319171648177 0.8935901231401688 0.686063960384164 0.8923966404051207 0.6812900294439711 0.8929270771762532 0.6777095812388264 0.8919988128267711 0.6735323916661574 0.8904075025133735 0.6723389089311091 0.889877065742241 0.6718416244581724 0.8914683760556386 0.6724383658256966 0.8930596863690363 0.6743280468228563 0.8938553415257353 0.6784057795009378 0.8950488242607832 0.6814889432331458 0.894650996682434 0.6851688483328779 0.894650996682434 0.6886498396434352 0.8953140426463494 0.693125399899866 0.8963749161886146 0.6963080205266614 0.896772743766964 0.6988938997859325 0.8971705713453134 0.700385753204743 0.8971705713453134
8 0.5774203064686583 0.7573537377992189 0.5759999457092131 0.7569420383931722 0.5747648475777223 0.7564479992200042 0.5737767690725298 0.7560362998428407 0.57309746510021 0.757024378348033 0.5730357101936354 0.75875351573212 0.5735915043528063 0.7597415942373125 0.575752926082915 0.7599886138636108 0.5771115340275547 0.7594945746110146 0.578655406691918 0.7588358556075527
8 0.48439327269325105 0.7540811515092585 0.48406448957064824 0.7521084527736416 0.4832425317641412 0.7495877821670198 0.4820917908350313 0.7493685934186181 0.48217398661568195 0.7504645371606276 0.4822561823963327 0.7535331796382537 0.4824205739576341 0.7557250671222726 0.482995944422189 0.7559442558706745 0.48348911910609327 0.7555058783738707
8 0.47834589496898017 0.8872561203069977 0.47744174138182244 0.886817742810194 0.47637319623336327 0.8863793653133902 0.4748936721816506 0.8863793653133902 0.4734963439105886 0.8863793653133902 0.4729209734460337 0.8872561203069977 0.4734141481299379 0.8876944978038016 0.4746470848396984 0.8881328753006054 0.47637319623336327 0.8883520640490071 0.47727734982052106 0.8883520640490071
8 0.6486464625290773 0.6207614427846624 0.6475056213897026 0.6194938415186904 0.6463330902186784 0.6192403212654959 0.6457943596806401 0.6193248280165607 0.645445769332498 0.6200008820250792 0.645445769332498 0.6212262299155188 0.6456992895856923 0.621986790675102 0.646618300503522 0.6224093244304261 0.6475690014530011 0.6224093244304261 0.6483295622125843 0.6221558041772316 0.648614772497428 0.621564256919778
