8 0.811498665143561 0.743447439018992 0.8076761059495936 0.7470898972263498 0.8039467799066985 0.7505406471070044 0.8015227179788168 0.7503489387803015 0.7984460239934285 0.7505406471070044 0.7964881278209084 0.7511157720871137 0.7966745941230532 0.753032855354144 0.7984460239934285 0.7537996886609561 0.8019888837341785 0.7537996886609561 0.8041332462088434 0.7545665219677682 0.8056249766260014 0.7524577303740348 0.8127106961075019 0.7472816055530528
8 0.8351798855159445 0.7564836052347989 0.835552818120234 0.7593592301353442 0.832289657832701 0.7631933966694049 0.8283738654876612 0.7662607298966535 0.8282806323365887 0.768944646470496 0.8264159693151412 0.7699031881040113 0.8196099492868576 0.7741207712914782 0.8185843846250616 0.772587104677854 0.8220340112147394 0.768369521490387 0.8293061969983849 0.7614680217290776
8 0.8380643314264609 0.840644616758876 0.8389749482288207 0.8407886500621841 0.8400256599238511 0.8409326833654922 0.8411464190652169 0.840644616758876 0.8419169409749062 0.8400684835456438 0.8431777950089427 0.8389162171191792 0.8438782694722966 0.8397804169390277 0.8436681271332902 0.8419409164886485 0.842477320545589 0.8436693161283455 0.841496656296894 0.8443894826448858 0.8400957073701865 0.8443894826448858 0.8387648058898145 0.8443894826448858 0.8379242365337902 0.8441014160382697 0.8377841416411194 0.842517049701881
8 0.8546309181136021 0.7712095477828743 0.8566650959551814 0.7706867068918659 0.8581907293363658 0.7713838280798772 0.8586145163866946 0.7734751916439102 0.854376645883405 0.7767865172869627 0.8520034384015625 0.7794007217420041 0.851410136531102 0.7745208734259266 0.8527662550921546 0.7726037901588964
8 0.5796947284213665 0.626544669444096 0.5811657247944091 0.6289932356003332 0.582076341596769 0.63072163524003 0.5831270532917995 0.6317298683631865 0.5848081920038484 0.6325940681830349 0.5855787139135373 0.6337463346094994 0.5852985241281959 0.6360508674624284 0.583617385416147 0.6364829673723527 0.5818661992577628 0.6366270006756608 0.5801850605457141 0.6376352337988173 0.5793444911896896 0.6383554003153575 0.5785039218336652 0.6387875002252817 0.5780135897093176 0.6377792671021254 0.5782237320483238 0.6350426343392721 0.5783638269409944 0.6341784345194236 0.5783638269409944 0.6310097018466461 0.5783638269409944 0.6282730690837928 0.5784338743873297 0.6269767693540202 0.5787841116190066 0.6261125695341718
8 0.8603514814018706 0.7403028147633357 0.8632460039777125 0.7406274578211299 0.8637722808096836 0.7394370999425509 0.8646669514240348 0.7390042425321585 0.8661931542367511 0.7398699573529435 0.8668246864351168 0.7410603152315223 0.8669299418015108 0.7424671018152976 0.8664036649695397 0.7441985314568672 0.8649300898400203 0.7453888893354462 0.862667099462544 0.7453888893354462 0.8605093644514621 0.7448478175724557 0.8598252045698996 0.7444149601620634 0.859509438470717 0.7418178156997091 0.8597725768867024 0.7398699573529435
8 0.8480917213054879 0.7087535113617796 0.850403287034555 0.7087535113617796 0.8525607483816845 0.7085950747281408 0.8541788443920315 0.7095456945299738 0.8547182097288137 0.7106547509654461 0.8540247400100935 0.7141403569055014 0.8520984352358709 0.7152494133409735 0.8490933997880837 0.7152494133409735 0.8481687734964568 0.7158831598755289 0.8447014249028562 0.7149325400736957 0.8454719468125451 0.7106547509654461
8 0.938397818645449 0.4792150556378011 0.9478124068632239 0.46223390588968305 0.957226995080999 0.44830936309622627 0.9587135090101213 0.4506867240609629 0.9506202665071217 0.4642716438594573 0.9443438743619385 0.4747999567032904 0.9400495007889182 0.4819320395974999
8 0.35123831005578515 0.6081884631559926 0.3475462772733191 0.6128278046622062 0.3435465750923142 0.6180997836465397 0.34200822809962 0.6208412127183932 0.3422133410319792 0.6252696750652333 0.34498236561882867 0.6227391251527532 0.3478539466718578 0.6191541794434064 0.3506229712587075 0.6149365962559395 0.3522638747175813 0.6119842880247128
8 0.34309191233144354 0.6036661668276022 0.3424221054543893 0.6029775300383416 0.3410346483519197 0.6039612968801426 0.3402213114297823 0.6058304538795642 0.3400299380363383 0.6092736378258673 0.3400299380363383 0.6117330549303694 0.3405083715199485 0.6128151984563505 0.341847985274057 0.6122249383512699 0.34237426210602817 0.6106509114043885 0.3427091655445554 0.6081914942998863 0.34294838228636043 0.6063223373004647 0.34318759902816554 0.6054369471428439
