8 0.5129704904100136 0.631226934125379 0.5141877381186705 0.6528668933903881 0.521491224370611 0.6718018577472711 0.5231141839195109 0.6550307502162195 0.5182452304808596 0.631226934125379
8 0.5016095117958839 0.6479979025557612 0.500798013323446 0.664768870986143 0.5028267595045406 0.6690968628391449 0.506072753394292 0.6593588811698907
8 0.5101302457564812 0.6658508689493935 0.5089129980478244 0.6745068526553972 0.5097244965202623 0.6799168424716495 0.5125647625429237 0.6826218120887448 0.5162164842997651 0.6766708485818981
8 0.39611471037896434 0.6225709504193753 0.39652045961518323 0.6366369239416313 0.3993607042687157 0.643128911721134 0.4026066981584671 0.6452929076476349 0.4054469428119996 0.6436699107027591 0.4054469428119996 0.6366369239416313 0.40341819663090495 0.6317679331070042 0.40138945044981045 0.6268989422723771
8 0.3811019886388644 0.6377189219048818 0.37907324245776974 0.6458339066292601 0.3806962394026454 0.6577358842250152 0.38515948100105357 0.6582768832066404 0.3884054748908049 0.655030889316889 0.39286871648921307 0.6496208995006367 0.3884054748908049 0.6436699107027591 0.3859709794734914 0.6425879127395087
8 0.3644662325579129 0.6458339445658062 0.36122027606413726 0.6555718882985143 0.36811801307985886 0.6588178821882655 0.37136400696961025 0.6534078923720134 0.3689295115522967 0.6496208995006367
8 0.4026066981584671 0.6528668933903881 0.40422969510334283 0.6561128872801395 0.4050411935757807 0.6663918679310189 0.40666419052065644 0.6723428567288963 0.4074756889930942 0.6745068526553972 0.4111274321190645 0.673965853673772 0.41315617830015916 0.667473865894269 0.40950443517418883 0.6582768832066404 0.4074756889930942 0.6544898903352637
8 0.4683380637413678 0.6712608967021919 0.4642805820637431 0.683703835343026 0.46509208053618095 0.6858678312695268 0.46752657595349445 0.690736822104154 0.47320706526055933 0.6896548241409035 0.47442431296921617 0.6815398394165251 0.4740185637329972 0.6755888506186477 0.47280131602434056 0.6723428567288963
8 0.5539511418989957 0.7318527699987021 0.5490821724334977 0.7405087284136749 0.5482706739610598 0.7497057111013038 0.5490821724334977 0.7610666897154336 0.5535454140319058 0.7605256907338083 0.5543569125043437 0.7497057111013038 0.5539511632681248 0.7464597172115525 0.5535454140319058 0.7426727243401758 0.5608489002838464 0.7361807365606731
8 0.5478649247248409 0.6858678312695268 0.5454304293075274 0.692900818030655 0.5454304293075274 0.6999338047917828 0.5458361785437462 0.7031797986815342 0.5490821724334977 0.7042617966447847 0.5507051693783733 0.7010158027550333
8 0.24669338072671151 0.6403280611787513 0.24669338072671151 0.6499353103572609 0.2486333060416029 0.6547389349465156 0.250018966980811 0.6621291266222923 0.25168176010786075 0.6654547128763917 0.2527902888592272 0.6680412799629135 0.25528447854980185 0.6698888278818578 0.25750153605253484 0.6691498087142801 0.2577786682403765 0.6636071649574476 0.25667013948900996 0.6588035403681929 0.25473021417411856 0.6510438391086274 0.2536216854227521 0.6477182528545279 0.25195889229570234 0.6440231570166397 0.2489104382294445 0.6399585515949624
8 0.26082712230663435 0.6152014094811107 0.26221279419239435 0.6318293752998367 0.2666469201444123 0.6370024749246518 0.2685868235661998 0.6355244365894964 0.2685868235661998 0.6285037544975086 0.2666468982513084 0.6207440532379432 0.26332131199720893 0.6163099382324773
