8 0.564382456090457 0.7920319536300638 0.5598400124960384 0.7920965921968371 0.5559464894151083 0.7920319536300638 0.5524423186422711 0.7919026764965175 0.5510146935125967 0.7918380379297442 0.5503657729991084 0.7916441222294243 0.5546486483881315 0.7911916522620115 0.5591910919825501 0.7909330979949185 0.5617285889811632 0.7908582040335128 0.5637335355769687 0.7908684594281452 0.564780996178639 0.7910894858281438 0.5648561838418541 0.7914077851641182 0.5648185900102466 0.7917635314807957
8 0.5408053685810217 0.7890347981652418 0.5392069741990233 0.78890211894408 0.5380081784125245 0.7889684585546608 0.5374753802851918 0.7894328358287277 0.5374753802851918 0.7899967225186662 0.5375419800511083 0.7908591374562188 0.537608579817025 0.7915557033673194 0.5376751795829416 0.7919537410308053 0.5378083791147747 0.7922190994731292 0.5380081784125246 0.7927829861630675 0.5381413779443578 0.7932473634371344 0.5382079777102743 0.7939107595429443 0.5382079777102743 0.7942756274011399 0.5383411772421075 0.795171212143983 0.5383411772421075 0.79563558941805 0.5384077770080241 0.7960667968868265 0.5390071749012735 0.7962326459132788 0.5395399730286063 0.796033627081536 0.5398063720922727 0.7956687592233405 0.5398729718581893 0.7952707215598545 0.539939571624106 0.7945409858434638 0.5400727711559391 0.7934795520741679 0.5403391702196055 0.7922854390837102 0.5405389695173554 0.7912903449249953 0.5408719683469383 0.7904279299874426 0.5412049671765213 0.7897645338816326 0.5412049671765213 0.7893996660234373
8 0.5322139987777805 0.7888689491387894 0.5314814013526978 0.7893001566075658 0.5311484025231149 0.7900962319345376 0.5311484025231149 0.791124495898543 0.5311484025231149 0.7916883825884813 0.5312816020549481 0.7923849484995816 0.5314148015867813 0.792816155968358 0.5314148015867813 0.7933137030477154 0.5314814013526978 0.7936785709059109 0.5314814013526978 0.7942756274011399 0.5314814013526978 0.7947731744804972 0.5315480011186146 0.7952707215598545 0.5321473990118638 0.7953038913651451 0.5324137980755304 0.7950053631175307 0.5326135973732801 0.7943751368170112 0.5326801971391967 0.7938444199323633 0.5328133966710299 0.7930815144106819 0.5328799964369465 0.7922854390837102 0.5333461947983626 0.7910249864826714 0.5334127945642793 0.7907596280403475 0.5334793943301959 0.7899967225186662 0.5333461947983626 0.7893664962181468 0.532946596202863 0.7891011377758228
8 0.5450717421430843 0.7893971149036644 0.5439728460054605 0.7906741524073483 0.5438263265204439 0.7921701106259497 0.5437530667779357 0.7933741745579946 0.5439728460054605 0.7947241856333176 0.544119365490477 0.795891762779543 0.5445589239455265 0.7964025777810165 0.5453647811131174 0.7964025777810165 0.545804339568167 0.7958187892079038 0.5463171577657248 0.794213370631844 0.546683456478266 0.7930822802714382 0.5467567162207743 0.7914038881237392 0.5467567162207743 0.7904917184782506 0.5463171577657248 0.7900538770484161 0.5458775993106751 0.789579548832762
8 0.5184417097088981 0.7894343362755145 0.5181486707388651 0.7905289398501008 0.5180754109963568 0.7920248980687021 0.5179288915113403 0.7939222109313184 0.5177823720263237 0.7951262748633633 0.5177091122838154 0.7962573652237691 0.5180021512538485 0.7968046670110622 0.5188812681639476 0.7963668255812277 0.5193208266189971 0.7952357352208219 0.519540605846522 0.7938492373596792 0.5196871253315385 0.7916600302105066 0.5194673461040137 0.7904194794926422 0.5193940863615054 0.7899086644911687
8 0.5242292293670506 0.789397849489695 0.5235698916844762 0.789872177705349 0.5235698916844762 0.7909667812799355 0.5232768527144431 0.792353279141078 0.5232035929719349 0.7935208562873032 0.5231303332294266 0.7946519466477091 0.5230570734869184 0.7958924973655737 0.5235698916844762 0.7963303387954082 0.5243757488520671 0.79618439165213 0.5248885670496248 0.7956370898648369 0.5252548657621662 0.7947249202193483 0.5256211644747074 0.7933019355723862 0.5260607229297569 0.791951924497063 0.5262805021572817 0.7908573209224766 0.5260607229297569 0.7900910984202664 0.525474644989691 0.7895802834187926
8 0.5642327080256998 0.7962584294297205 0.5627675131755346 0.7963247690403015 0.5609693194957865 0.7963911086508824 0.5590379262842051 0.7963911086508824 0.5573063323703736 0.7963911086508824 0.5555081386906254 0.7963911086508824 0.5536433452449607 0.7962584294297205 0.5519117513311291 0.7962252596244299 0.5508461550764635 0.796092580403268 0.5497805588217979 0.7957608823503631 0.5491811609285485 0.7950974862445531 0.5492477606944651 0.7941355618911288 0.549447559992215 0.7935716752011905 0.5500469578854643 0.7932068073429952 0.5526443487562117 0.7931404677324142 0.5560409368179582 0.792941448900671 0.5577725307317898 0.793074128121833 0.5603699216025372 0.7930409583165425 0.5621681152822853 0.7932068073429952 0.5631671117710343 0.793671184617062 0.5641661082597833 0.7944672599440339 0.565031905216699 0.7955618635186199 0.5646989063871161 0.7959599011821061
8 0.8707329749466356 0.8654126825474671 0.8665599186927563 0.8656897995643262 0.8632214736896526 0.864719890005319 0.8629432699393941 0.8620872783451571 0.8665599186927563 0.8616716028198684 0.8698983636958597 0.8623643953620161 0.8712893824471528 0.8636114219378824
8 0.8468948221972025 0.8970097480276127 0.846205060832925 0.8980403485035354 0.8485042653805165 0.8990709489794578 0.8505735494733496 0.8988419266514751 0.8517231517471455 0.8981548596675267 0.851033390382868 0.8966662145356387 0.848734185835276 0.8964371922076559
8 0.8535628196947078 0.7811134434638248 0.8517394066815999 0.7814873855856537 0.8514176279145809 0.7819681683137191 0.8521684450376253 0.782769472860495 0.8534555601057014 0.7832502555885605 0.8548499347627838 0.7833036758916789 0.8565660881868853 0.7831434149823238 0.8580677224329741 0.7823955307386662 0.8583895011999931 0.7819681683137191 0.8578532032549614 0.7814873855856537 0.8562443094198663 0.7812202840700617 0.8552789731188092 0.7810600231607064
8 0.8245617263605135 0.7586797461480504 0.8237625291695144 0.7597080101120558 0.8237625291695144 0.7608689532972231 0.8237625291695144 0.7619967266771 0.8236959294035977 0.7627264623934906 0.8236959294035977 0.7636220471363341 0.8238291289354309 0.7644181224633059 0.8240955279990974 0.7648824997373729 0.8247615256582634 0.7649820091532442 0.8256273226151791 0.7644512922685963 0.8259603214447622 0.7640200847998199 0.8261601207425119 0.7633235188887195 0.8266929188698449 0.7622620851194237 0.8267595186357614 0.7609684627130945 0.8267595186357614 0.7600728779702511 0.8263599200402616 0.7593431422538603 0.8254941230833458 0.7587129159533409
8 0.6006180288752448 0.7502166399394846 0.5995524326205792 0.7505151681870992 0.5993526333228295 0.7512117340981994 0.5994192330887461 0.7516429415669758 0.6001518305138287 0.7520078094251713 0.6011508270025777 0.7521073188410426 0.6024828223209096 0.7520078094251713 0.6034152190437421 0.7517424509828472 0.6035484185755752 0.7513444133193614 0.6033486192778255 0.7508800360452945 0.6028158211504926 0.750448828576518 0.60208322372541 0.750249809744775
8 0.7425293702085058 0.7541970964802034 0.7404341415727697 0.7537957418361887 0.7376136414862018 0.7533943871921737 0.7344707985325976 0.7530733034769617 0.7308444412784386 0.7527522197617497 0.7291521412264979 0.7529528970837572 0.7276210126080752 0.7534746581209766 0.7269763268740026 0.7540766900869991 0.7269763268740026 0.7546787220530214 0.7278627697583525 0.7550800766970365 0.7290715555097387 0.755361024947847 0.7309250269951977 0.7556018377342559 0.7332620127812111 0.7556821086630588 0.7375330557694426 0.7556018377342559 0.7401923844224925 0.7553208894834456 0.7418846844744332 0.7550800766970365 0.7427711273587831 0.7546787220530214
