8 0.8395529603167876 0.7735118341084641 0.8430755337292456 0.7746440898481828 0.8455916575952871 0.7769086013276201 0.8453400452086829 0.7782295663572918 0.8425723089560374 0.7791731128070574 0.8403077974766 0.7793618220970104 0.8360303869043296 0.7791731128070574 0.8330110382650799 0.7795505313869636 0.829236852466018 0.7814376242864945 0.8272239533731849 0.7825698800262131 0.8242046047339351 0.7835134264759788 0.8219400932544978 0.7838908450558848 0.8196755817750606 0.7835134264759788 0.8181659074554358 0.7825698800262131 0.8184175198420399 0.7804940778367289 0.8206820313214771 0.7780408570673386 0.8226949304143103 0.7765311827477138 0.8254626666669558 0.7748327991381359 0.8274755657597889 0.7738892526883703 0.8297400772392262 0.7733231248185111 0.8315013639454553 0.7731344155285579 0.8345207125847048 0.7731344155285579 0.8367852240641421 0.7731344155285579
8 0.9638872985749394 0.5512961204856794 0.9646421357347519 0.5531832133852105 0.9618743994821065 0.5558251434445539 0.9575969889098361 0.5588444920838037 0.9533195783375658 0.5603541664034284 0.9495453925385036 0.5605428756933816 0.9352034865020675 0.5705444680608961 0.9407389590073586 0.563184805752725 0.9457712067394415 0.559599329243616 0.9477841058322747 0.5563912713144132 0.9475324934456705 0.5550703062847415 0.9500486173117119 0.5535606319651166 0.955835702203607 0.5526170855153512 0.9581002136830443 0.5520509576454918 0.961119562322294 0.5511074111957264
8 0.9271518901307352 0.5711105959307554 0.9276551149039434 0.5733751074101927 0.9241325414914854 0.5762057467594893 0.9213648052388399 0.5786589675288797 0.9185970689861943 0.5803573511384577 0.9163325575067571 0.5807347697183638 0.9155777203469446 0.582810571907848 0.9148228831871321 0.5845089555174259 0.9135648212541114 0.5835654090676603 0.9143196584139239 0.5796025139786453 0.9168357822799653 0.5782815489489734 0.9208615804656317 0.5758283281795831 0.9226228671718606 0.5743186538599583 0.9236293167182772 0.5712993052207086 0.9243841538780896 0.5696009216111306
8 0.709015817969188 0.7035466951864577 0.7036883239559866 0.7067689697912168 0.699563812461895 0.710120135380166 0.6954393009678036 0.713342409984925 0.6913147894737122 0.7157913386845419 0.6895962430178406 0.7164357936054937 0.6883932604987306 0.7132135190007347 0.6921740627016478 0.7111512632536889 0.6933770452207579 0.710120135380166 0.6952674463222164 0.7088312255382625 0.6961267195501523 0.7078000976647396 0.6985326845883723 0.7062534058544554 0.699563812461895 0.7054800599493132 0.7000793763986565 0.7052222779809324 0.7019697775001151 0.7045778230599806 0.7048913064750966 0.7043200410916 0.7074691261589038 0.7036755861706481
8 0.6519600756342556 0.7393783887913777 0.6486948373681 0.7384761519020452 0.6468044362666414 0.7396361707597585 0.64628887232988 0.7407961896174716 0.6480074187857512 0.7420850994593752 0.6500696745327972 0.7420850994593752 0.6514445116974943 0.7411828625700427
8 0.6442980693766498 0.7414850426251182 0.6453220474595389 0.7414398671214613 0.6461653235278004 0.7415302181287751 0.6465267275570555 0.7417109201434026 0.6468278975814347 0.7422530261872851 0.6469483655911863 0.7427951322311676 0.6468278975814347 0.7432468872677362 0.646346025542428 0.7438341688152756 0.6454425154692907 0.7441955728445306 0.6446594734059048 0.7441955728445306 0.6436354953230157 0.7439245198225893 0.6430933892791332 0.7434727647860206 0.6429126872645057 0.7430661852531089 0.6429729212693814 0.7425240792092264 0.6433343252986364 0.7420271486690008
8 0.6025719726184942 0.7702847566378732 0.6006971946666343 0.7700504093938906 0.5996035741947161 0.7700504093938906 0.5974163332508797 0.7713393192357947 0.597572564746868 0.7726282290776979 0.598509953722798 0.7732140971876541 0.5992911112027395 0.7737999652976103 0.6013221206505875 0.773682791675619 0.6024157411225058 0.7734484444316366 0.603509361594424 0.7727454026996893 0.6041342875783773 0.7718080137237593 0.6041342875783773 0.7712221456138031
8 0.5899172214434407 0.7671210688441099 0.5936667773471602 0.7753232223834964 0.5906983789233823 0.7763777849814175 0.587105054515651 0.7691130204179608 0.5869488230196627 0.7679412841980485 0.5875737490036159 0.7672382424661012 0.5885111379795458 0.7670038952221186
8 0.5723916457945251 0.7943123518726145 0.5726050622223489 0.7957529127604243 0.5732453115058198 0.7966332555251969 0.5743123936449381 0.7966332555251969 0.5765532661370866 0.7940722583913129 0.5803947618379126 0.7910310742948254 0.5828490507578847 0.7885501083213755 0.5802880536240007 0.7880699213587722 0.5787941386292351 0.7880699213587722 0.5764465579231748 0.7901507315300532 0.5733520197197316 0.7928717909848048
8 0.5687635665215228 0.7987140656964775 0.5659891529598151 0.802235436755568 0.5647086543928731 0.8050365273707536 0.5632147393981075 0.8071973687024682 0.562254365472901 0.809198147713315 0.5619342408311655 0.8121593006493684 0.5623610736868129 0.8135198303767442 0.5631080311841956 0.8145602354623845 0.5638549886815785 0.8146402666228185 0.5650287790346086 0.8126394876119716 0.5651354872485205 0.8107187397615586 0.565455611890256 0.8097583658363522 0.5673763597406689 0.8078376179859391 0.5676964843824044 0.806637150579431 0.5676964843824044 0.8058368389750923 0.5682300254519637 0.8049564962103196 0.5691903993771701 0.8045563404081504 0.5695105240189057 0.8036759976433777 0.5701507733023766 0.8029557171994728 0.5706843143719358 0.802235436755568 0.5711111472275832 0.8017552497929646 0.5716446882971422 0.8011150005094937 0.5719648129388778 0.8007948758677582 0.5720715211527896 0.8002346577447211 0.5720715211527896 0.7995944084612501 0.5714312718693185 0.7986340345360436 0.5710044390136713 0.7981538475734403 0.5702574815162884 0.7979937852525726 0.5695105240189057 0.7979937852525726
