8 0.36481058512580355 0.5992111482710742 0.370386748344379 0.596887746930001 0.3720389448535866 0.5992111482710742 0.3692162780008605 0.5997169607450484
8 0.37355181349205957 0.5957327143914513 0.37653851571933017 0.595226901917478 0.3770202418850189 0.5938539823452649 0.379814253646014 0.5941430180446782 0.3802959798117028 0.5962385268654244 0.3785617656152231 0.5971056339636643 0.37528602768853925 0.5979004821370507 0.37335912302578406 0.5966720804145443
8 0.37636183783080207 0.6002363024641818 0.3798302662237614 0.6002363024641818 0.3826242779847565 0.6003085613890351 0.38445483741437386 0.6016092220363949 0.38522559927947597 0.6036324719322879 0.3830096589173075 0.6060170164524473 0.3815644804202411 0.6078234895737804 0.3815644804202411 0.6094854448454067 0.3792521948249349 0.6107138465679132 0.37433858793490915 0.6110751411921798 0.37087015954194974 0.6111474001170331 0.36923229057860785 0.6089796323714335 0.3700993976768477 0.6076789717240737 0.37530204026628666 0.607968007423487 0.378385087726695 0.6067396057009805 0.3812754447208279 0.6037047308571412 0.38069737332200126 0.6024763291346347 0.3784814329598328 0.6026931059091947 0.3768435639964908 0.6018982577358082 0.3759764568982511 0.6014647041866882
8 0.38760097457831494 0.6012081128931067 0.3929357932727198 0.6061049987096127 0.39500602142278735 0.6092700590544275 0.3925376724746299 0.6096283677727085 0.38895458529182064 0.6058064081110454 0.38624736386480923 0.6036565558013598
8 0.40230423107502455 0.6021287847451918 0.4052953715565414 0.6022185189596374 0.40547483998543243 0.6046862098568889 0.402064939836503 0.604506741427998
8 0.3412181158200403 0.606260882314557 0.34587306466266104 0.6072130309414567 0.347142596165194 0.6099636825302781 0.34276976543424725 0.6096462996546449
8 0.3484045046498253 0.6143524057205529 0.34933712650659876 0.6177623043843811 0.3506194815596623 0.6200355701602666 0.35003659289917893 0.6223088359361519 0.3457232168116014 0.6231831689268772 0.3435082399017643 0.6209973364500643 0.34467401722273117 0.617412571188091 0.34665583866837496 0.614877005514988
8 0.3386871054555398 0.6225405883728877 0.34148111721653485 0.6218179991243545 0.33830172452298884 0.6193611956793417 0.33473695089689165 0.6180605350319819 0.33464060566375387 0.6160372851360889 0.3327137010009987 0.6164708386852088 0.3320392843690344 0.6193611956793417 0.333773498565514 0.6214567045000878 0.3348332961300294 0.622396070523181 0.33464060566375387 0.6243470614942207 0.33714558172533565 0.6241302847196607 0.33714558172533565 0.6225405883728877
8 0.40483387344930194 0.618900483722766 0.4208158644756334 0.6289086237344007 0.43777260178960953 0.6353348969853597 0.45697938620914724 0.6395170193992913 0.4534684686270812 0.6410659536266734 0.43901174917151514 0.6385876588628621 0.4220767349521378 0.6322370285305955 0.41113093307863785 0.6269706521574965 0.40348952422355294 0.6220140626298739
8 0.4860708506721521 0.6665026124995745 0.512872071281181 0.6676663497102298 0.5186554925704978 0.6685127040452516 0.5187965516263346 0.6700996184234178 0.49904828380915556 0.6698880298396623 0.4883277955655439 0.6690416755046403
8 0.44816313723580314 0.6783756323341682 0.4553443255329592 0.6793373986239658 0.46073021675582626 0.6811647545745815 0.4597043327133754 0.6839538768149948 0.45572903204887827 0.6827035806382579 0.4490607857729476 0.68174181434846
8 0.43495505458953526 0.6861368756660182 0.43848153098546017 0.6864542585416512 0.44017423965550406 0.6904744416330059 0.4366477632595792 0.6913207959680276 0.43241599158446936 0.690791824508639 0.43185175536112136 0.687829584336062
