8 0.4315837681318181 0.48770536091370786 0.4315837681318181 0.49710837636060257 0.433095841579333 0.4976307661076522
8 0.4310797403312032 0.5456906086257527 0.42931565796054566 0.5660638229711636 0.4305757191668081 0.5749444486710087 0.4318357803730706 0.5759892281651081 0.4328438293380805 0.5676309922123128 0.4330315701811756 0.5622128245859427 0.43317563443290585 0.5580551556846579 0.4333751171516851 0.5522981195965386
8 0.3869776014301266 0.553004079294921 0.3829454055700866 0.5608399444479631 0.3849615035001065 0.5712877204416608 0.38949772384265147 0.5665862127182134 0.3900017483251565 0.5608399255006666
8 0.40739059297157854 0.5550936382831199 0.40562650728281113 0.5556160280301695 0.4051224828003061 0.5624070947418157 0.40739059297157854 0.565541433224114
8 0.42225931520547577 0.5498697408126229 0.4204952295167083 0.5514369100537718 0.41898315606919334 0.5577055870183684 0.4204952494253672 0.5655414569082343 0.4227633396879808 0.5671086024652631 0.4245274253767482 0.565541433224114 0.4255354743417581 0.5597951460065672 0.4255354743417581 0.5545712485360701
8 0.38445746906327216 0.6632283822379463 0.38470949125885406 0.672108941622254 0.38470949125885406 0.6768104493457012 0.3864735769476215 0.6794223980809498 0.38974973608390395 0.6768104493457012 0.3912618095314188 0.6715865518752042 0.39100979729016644 0.6637507056694587 0.38899369936014644 0.6590491979460112 0.3864735769476215 0.6585268081989617
8 0.42654349676188974 0.6506909856773366 0.42377138865299074 0.6590491979460112 0.42276333968798085 0.6679298473299768 0.4250314498592532 0.6715865518752042 0.4275515722717781 0.6694969928870055 0.430071694684303 0.6637507056694587 0.4325918170968281 0.657482028704862 0.433095841579333 0.6538253004755142
8 0.4623292615646224 0.657482028704862 0.457541028980825 0.657482028704862 0.45527291880955256 0.6585268081989617 0.4547688943270476 0.6632283159224088 0.4567849922570674 0.664795485163558 0.45804505346333 0.664795485163558 0.46006115139334997 0.664795485163558 0.4618252370821174 0.6637507056694587 0.4633373105296324 0.6637507056694587
8 0.42301533865679386 0.7217359723288002 0.42251132744672826 0.7206911880978766 0.4225113407191674 0.7274822927041155 0.4250314498592532 0.7300942035447712 0.4278035845130306 0.7295718137977216 0.43032370692555555 0.7295718137977216 0.4325918170968281 0.7290494240506717 0.43410389054434295 0.7285270343036223 0.43536395175060555 0.7269598650624729 0.43233980485557555 0.7196464086037772 0.42855962123678815 0.7191240188567275
8 0.3496797897247573 0.6480790132579675 0.3443875193860157 0.6543477328539808 0.3443875326584549 0.6611387569342101 0.3496797897247573 0.664795485163558 0.3516958876547773 0.6632283159224088 0.35194789989602976 0.6533029107284645
