8 0.4359272559656277 0.6217586244266218 0.4377555854796721 0.6217586244266218 0.43923566175294604 0.6212341960169911 0.43923566175294604 0.6194861013182223 0.43897447182236826 0.6175631971495767 0.4377555854796721 0.6173883876796998 0.4338377365210057 0.6175631971495767 0.4330541667292724 0.617213578209823 0.4325317868681169 0.617213578209823 0.432096470317154 0.617213578209823 0.4313999638356133 0.6177380066194536 0.4313999638356133 0.6191364823784686 0.4321835336273465 0.6210593865471143 0.43340241997004275 0.6217586244266218 0.4345342430025464 0.6221082433663755 0.4351436861738945 0.6221082433663755
8 0.41454592416557356 0.6196692200363306 0.4141036194457625 0.6186824661516105 0.4140544744768946 0.6173010107130021 0.41415276441463034 0.616412932216754 0.4144476342278378 0.6156235291089778 0.4155779685117995 0.6150314767781457 0.4168557377023649 0.6149328013896737 0.41980443583443894 0.6150314767781457 0.42049246539858953 0.6155248537205058 0.420738190242929 0.616511607605226 0.41980443583443894 0.6180904138207782 0.41823179683066614 0.6183864399861944 0.41734718739104393 0.6183864399861944 0.4164625779514217 0.6182877645977223 0.4159711282627427 0.6197678954248026 0.4156762584495353 0.6199652462017466
8 0.42371693766789753 0.6163996151490971 0.4232377740127471 0.6160451626124493 0.42278382949734145 0.6158426183057933 0.4228847060563205 0.6148805328491775 0.4227081720781072 0.613918447392562 0.42255685723963865 0.6138171752392338 0.4222794467024463 0.613715903085906 0.4220524744447435 0.6142728999292097 0.4218759404665302 0.6148805328491775 0.4217498447678064 0.6162983429957692 0.4219768170255092 0.6173617006057129 0.422203789283212 0.6179186974490167 0.4226577337986177 0.6180706056790086 0.42306124003453377 0.6177161531423608 0.4233890888512157 0.617108520222393 0.42346474627045 0.616855339839073
8 0.31701447068153016 0.6274377699322153 0.3170636156503981 0.6235894297818066 0.3169653257126623 0.6220106235662543 0.31711276061926597 0.6212212204584782 0.3178499351522845 0.6209251942930621 0.318587109685303 0.6209251942930621 0.3197174439692647 0.6209251942930621 0.3199140238447363 0.6203331419622299 0.3199631688136042 0.6197410896313978 0.3204054735334153 0.6193463880775097 0.3209460681909622 0.6191490373005657 0.3216832427239807 0.6197410896313978 0.3219781125371881 0.620431817350702 0.3216832427239807 0.6217145974008381 0.32119179303530165 0.6226026758970864 0.32070034334662273 0.6232934036163905 0.3199631688136042 0.6232934036163905 0.31902941440511406 0.6232934036163905 0.3186362546541709 0.6243788328895828 0.31888197949851044 0.6268457176013832 0.3193242842183215 0.6272404191552713 0.319570009062661 0.6280298222630474 0.3176533552768129 0.6285231992054076 0.3172360946532195 0.6283954893538841
8 0.33020857305840934 0.6244159322162748 0.33050877588656397 0.6235391901242097 0.33086356104711034 0.622991226316669 0.33533931230323377 0.6229364299359149 0.33563951513138834 0.6229364299359149 0.3357759709623677 0.6235939865049638 0.3360215914581306 0.624525524977783 0.3367038706130274 0.6247995068815534 0.3370040734411821 0.6250734887853236 0.3374134409341202 0.6258406381158806 0.33727698510314086 0.6264981946849295 0.3346843243145328 0.6270461584924701 0.33383829816246063 0.6254570634506021 0.33331976600473906 0.6248543032623074 0.33113647270906904 0.6246899141200453
8 0.34191962597202247 0.6276002554935551 0.34241496063847765 0.627268737389993 0.34287727299383575 0.6266720048035812 0.3428442506827387 0.6252796287686202 0.3422828713940895 0.6249481106650582 0.3415563805499554 0.6248818070443457 0.34076384508362717 0.6247491998029209 0.3402685104171721 0.6251470215271954 0.34016944348388106 0.6261415758378818 0.34046664428375417 0.6269372192864309 0.3407308227725302 0.6274013446314178 0.3410940681945973 0.6276002554935551 0.3414903359277614 0.62773286273498
8 0.36187711397024425 0.6225323147146384 0.360600727676368 0.621891618849477 0.3581011378508604 0.6215712709168963 0.35565473078759774 0.6215712709168963 0.3536869685845385 0.6215712709168963 0.35251694781515197 0.6212509229843156 0.351759926193293 0.6213775290850297 0.3512150580601924 0.6211587271366787 0.3511424089757789 0.6218151329817316 0.351759926193293 0.6233467466201887 0.3524137679530137 0.623492614585756 0.3529586360861144 0.6233467466201887 0.3534308551348016 0.622836208740703 0.3551744331607236 0.6227632747579194 0.35873423829698114 0.622617406792352 0.36007824635862934 0.622617406792352 0.36087738628717686 0.6226903407751356
8 0.38234544710759266 0.6211119460080733 0.3890736448794815 0.6183068325279844 0.39402517943799376 0.6167059873260025 0.395086973286212 0.6164217319271592 0.3964319121606218 0.6164217319271592 0.398201568574319 0.6164217319271592 0.3967858434433612 0.6191221582161703 0.3960071946213345 0.6201170521121219 0.39444989697728106 0.6196906690138568 0.39013193532786006 0.6198327967132786 0.3853184698826038 0.6216804568057598 0.3828409509034279 0.6232438614993978 0.38234544710759266 0.6229596061005546
8 0.5971179358564567 0.618275951802281 0.5966344561996854 0.6173052004914305 0.595930443027009 0.617002190924273 0.592371044680884 0.6170404501339258 0.5897338829166769 0.617128700253094 0.5887229709070642 0.6175699508489352 0.5885032074267137 0.6178347012064399 0.5881515858581526 0.6183642019214493 0.5886790182109941 0.6188054525172905 0.5939533417394083 0.6194232033514682 0.5966344561996854 0.6195114534706364 0.5969421250721763 0.6193349532322999
8 0.6048717728618639 0.6134170654307477 0.6046320308832996 0.6128554737633134 0.6046719878797271 0.6118927451905689 0.6049117298582913 0.6114916082852588 0.6052313858297104 0.6122136547148171
