8 0.7660896937626255 0.7086079723789838 0.7632650088143167 0.7161404655744739 0.7632650088143167 0.7217898354710911 0.7632650088143167 0.7243791300070409 0.7632650088143167 0.7307346711407354 0.7651481396500539 0.7347363153838846 0.7698559416165145 0.7340301260641944 0.7726806253086791 0.7260268628935543 0.7714252097760975 0.7111972669149336 0.769542086477225 0.7086079723789838
8 0.6772690448324739 0.657292862484709 0.6756997754167468 0.6624714515566084 0.6772690448324739 0.6676500406285075 0.679779875897637 0.6697685543397391 0.6846808602285458 0.6696864576789645 0.6844876841448182 0.6631776227936854 0.6822907069628001 0.6570574720723499
8 0.7924534136661197 0.7658078480070192 0.7814685340367507 0.7700448700046983 0.7761330142548464 0.7733403466272929 0.7733083330749699 0.77710658237547 0.7755053102569879 0.7799312673237789 0.7830378034524778 0.7799312673237789 0.7965335204277304 0.7778127536125473 0.7999859131423299 0.7759296303136749 0.8046937213895113 0.7719279933035709 0.8062629908052381 0.7683971371181849 0.7987304976097482 0.7658078425822352
8 0.7996720592591846 0.7935839112406042 0.7858624884007864 0.7940546920653224 0.7783299952052964 0.796643986601272 0.776446871906424 0.7982917194877855 0.7808408262704597 0.8011164044360942 0.7877456116996587 0.8018225756731713 0.7971612281940214 0.8013517948484532 0.8043798675063657 0.7994686715495809 0.8068906985715291 0.7980563290754265
8 0.5988055740461206 0.748624342480024 0.597550158513539 0.756627616500232 0.5956670352146665 0.7636893288710038 0.5944116196820848 0.768867917942903 0.5944116196820848 0.772398774128289 0.5944116196820848 0.77710658237547 0.5947254735652302 0.7815790002102923 0.5972363046303935 0.783932904333883 0.6028856745270109 0.7792250960867017 0.6050826517090289 0.7733403357777252 0.6075934827741921 0.7613354247474132 0.608221190540483 0.7547444932013595 0.6075934827741921 0.7512136370159737 0.6041410900595926 0.749330513717101 0.6013164051112839 0.7476827808305877
8 0.6965311842469873 0.9007157279030885 0.694715500625485 0.9036337908662172 0.693159200378483 0.9094699167924749 0.6913435167569806 0.9168623429657345 0.6905653666334796 0.922503931361117 0.6905653666334796 0.9275619071638737 0.6910841333824803 0.9295072824726263 0.6960124133454445 0.9273673696329987 0.6965311800944453 0.9265892195094978 0.6980874803414473 0.9225039313611173 0.6988656304649481 0.914722430126107 0.7006813140864506 0.9081081540763484 0.7017188475844519 0.904022865927968
8 0.6039313153978235 0.892545151606328 0.6041906987723238 0.9071354664219722 0.606525149142827 0.9153060427187328 0.6086002161388296 0.9225039313611173 0.6106752831348323 0.9293127449417513 0.6130097335053354 0.9353434083988843 0.613528500254336 0.9376778587693874 0.614306650377837 0.9384560088928883 0.6158629506248392 0.9308690451887532 0.6158629506248392 0.9236711565463689 0.6158629506248392 0.9188077182744876 0.6161223339993395 0.9178350306201112 0.6228663017363484 0.9151115051878576 0.6215693848638466 0.9100535293851009 0.6200130846168447 0.904022865927968 0.6194943178678439 0.8981867400017104 0.6176786342463415 0.8964359022238333 0.6137878836288364 0.8983812775325856 0.6124909667563347 0.8987703525943361 0.6109346665093327 0.8944905269150805 0.6096377496368309 0.8894325511123238 0.6044500821468242 0.8894325511123238
8 0.5798086615692918 0.8977976649399598 0.5813649618162938 0.9042174034588435 0.5818837285652945 0.910831679508602 0.5831806454377961 0.9143333550643565 0.585774483335342 0.9139442725304521 0.587590162804302 0.9094699167924751 0.5870713960553013 0.903244715804467 0.5852557124337989 0.8997430402487124 0.5826618786887955 0.8985758150634608
8 0.5941183236141349 0.9468994089946715 0.5934740969418376 0.9570459790833524 0.5936351536099119 0.9642935291466957 0.5949236069545064 0.9727490042205966 0.5957288902948779 0.9790302142754943 0.5970173436394722 0.9849490468272247 0.5997553069967354 0.9961346399662169 0.6008827036732555 0.9979465274820527 0.6026543270220728 0.9983089049852198 0.6037817236985928 0.9935979974440465 0.6037817236985928 0.9891286749049847 0.6029764403582214 0.9830890498521984 0.60329855369437 0.9776533873046909 0.6037817236985928 0.9743919897761864 0.6002384770009583 0.9601384746516107 0.5983057969840667 0.9483008095481498
8 0.6198873905060229 0.9501126970639856 0.6192431638337257 0.9585681721378863 0.6200484471740972 0.9611048146600567 0.6223032405271375 0.962675117173781 0.6256854305566977 0.9585681721378863 0.6256854305566977 0.9528909245882672 0.6240748638759548 0.9502334895650413 0.6200484471740972 0.9487839795523727
