8 0.4066092575137603 0.6956933593387863 0.4024728511857104 0.6958552484386147 0.4015182958792374 0.6981216958362104 0.400881925674922 0.7007119214334628 0.4021546660835527 0.7034640361305435 0.40820018302454875 0.7039497034300284 0.4113820340461256 0.7037878143302 0.4142456999655447 0.7034640361305435 0.41583662547633315 0.7023308124317456 0.41583662547633315 0.6989311413353518 0.4152002552720178 0.6965028048379277 0.4136093297612294 0.6945601356399884 0.4101092936374949 0.6939125792406753
8 0.5456561433362315 0.66250609387399 0.5443834118419539 0.6644487630719291 0.5485198130760877 0.6649344303714141 0.5520198491998222 0.6647725412715857 0.5545653300170836 0.6638012066726161 0.5558380704257144 0.6623442047741617 0.554247144914926 0.6610490919755354 0.5510652938933491 0.6605634246760507
8 0.6392025671910279 0.6471266293903039 0.6382480144315128 0.6599158682767375 0.6407934927018162 0.6638012066726161 0.6439753437233933 0.6668770995693534 0.6481117500514431 0.6701148815659189 0.6532027116859659 0.6723813289635148 0.658293679687884 0.6723813289635148 0.6617937094442234 0.6709243270650602 0.6630664498528543 0.6686578796674644 0.6614755243420657 0.6654200976708988 0.6582936733204889 0.6570018644798286 0.656066377605385 0.6521451914849803 0.6535208967881236 0.6497168549875564 0.6474753798471277 0.6463171838911625 0.6411116778039738 0.6458315165916776
8 0.6646573677227684 0.6968265830375845 0.660202783933435 0.697312250337069 0.6605209728560297 0.7002262541339781 0.6627482647506965 0.7016832560324324 0.6656119306701157 0.7021689233319174 0.671339262508954 0.702492701531574 0.6783393347564232 0.7018451451322608 0.682475741084473 0.700711921433463 0.6847030367995768 0.697312250337069 0.6818393708801576 0.694883913839645 0.6738847433262155 0.6934269119411904 0.667202856180904 0.6940744683405036
8 0.8661524597433388 0.7734808040917395 0.8567878151503565 0.7745925508726245 0.8485677370568545 0.7758895887836569 0.8463826531727352 0.7770807460488907 0.8463826531727352 0.7776630896007828 0.8482035564095013 0.777954261376729 0.8520014403033278 0.7778219105694807 0.8555391951633305 0.7773189775019376 0.8587647951827448 0.777054275887441 0.8632910403712777 0.7764984024969985 0.8659443565162798 0.775730767814959 0.867349053298928 0.7751484242630668
8 0.0652961526741337 0.624010077273773 0.0538038364030938 0.6279861493523903 0.050126295196361026 0.6364060666953443 0.05564260700646018 0.6392127058096624 0.07127215713507445 0.6389788192168026 0.07449000569096563 0.6324299946167271 0.07265123508759924 0.6282200359452501
8 0.09149863377210471 0.6415515717382607 0.0919583264229463 0.6495037158954952 0.09241801907378788 0.6553508807169909 0.09563586762967907 0.6588591796098885 0.10069248678893664 0.660964158945627 0.1039103353448278 0.6607302723527673 0.10758787655156056 0.6569880868670098 0.10620879859903579 0.6520764684169532 0.10299095004314461 0.646697076781177 0.10023279413809502 0.6436565510739992
8 0.15723468284245296 0.65675420027415 0.15125867838151225 0.6651741176171041 0.14896021512730423 0.6700857360671606 0.14941990777814584 0.6747634679243575 0.15263775633403703 0.6785056534101147 0.15815406814413618 0.6810784059315729 0.1627509946525521 0.679675086374414 0.1641300726050769 0.6759329008886568 0.1645897652559185 0.6675129835457024
8 0.2059621038316622 0.6686824165100016 0.19906671406903825 0.6717229422171794 0.19584886551314706 0.6747634679243575 0.19584886551314706 0.6775701070386754 0.20136517732324624 0.6787395400029745 0.20917995238755338 0.6787395400029745 0.21423657154681092 0.6775701070386754 0.21515595684849415 0.6738279215529182
8 0.11113044125566664 0.7141103471500382 0.11341390500735567 0.7199193540574114 0.11683910063488928 0.7215168309569386 0.1211205951693063 0.7226786323384133 0.12911271830021806 0.7235499833745194 0.13425051174151847 0.7228238575110977 0.13253791392775166 0.7200645792300956 0.12654382157956784 0.7187575526759367 0.12026429626242291 0.717160075776409 0.11683910063488928 0.7148364730134599 0.11398477094527795 0.7136746716319852
