8 0.66521900625372 0.6705021605882463 0.6667593838696265 0.6687590819139965 0.6659891950616733 0.6674033540562466 0.6640637230417901 0.6665318147191218 0.6613680622139533 0.6664349770149969 0.6592500429920818 0.6668223278314968 0.6582873069821402 0.6680812179851217 0.6590574957900935 0.6696306212511215 0.6605978734060003 0.6703084851799963 0.6627158926278718 0.6708895114047462
8 0.5966722023458759 0.6630456573706222 0.5959020135379226 0.6652729245654969 0.5962871079418993 0.6669191655356215 0.5970572967498525 0.6689527573222463 0.5984051271637708 0.6704053228841212 0.5987902215677474 0.672051563854246 0.5993678631737125 0.672923103191371 0.5970572967498525 0.6735041294161208 0.5947467303259926 0.6740851556408708 0.5922436167001445 0.6736009671202459 0.5912808806902027 0.6715673753336211 0.5905106918822495 0.6705021605882463 0.5882001254583896 0.6684685688016215 0.5874299366504362 0.6674033540562466 0.5876224838524245 0.664207709820122 0.5897405030742962 0.6611089032881224 0.5922436167001445 0.6596563377262475 0.5947467303259926 0.6588816360932477
8 0.2325038201851176 0.6647928351037787 0.23299785598433218 0.6663830128325006 0.24436067936626768 0.666333319778478 0.243965450726896 0.665090993427914
8 0.1094037571487105 0.6617835167469786 0.12529010741646726 0.661932857254935 0.12172681389846574 0.664396975636219 0.11964822601296488 0.6632395866995553 0.1171242264377138 0.6635756028424578 0.11675305002958865 0.664396975636219 0.1122246978504617 0.6639862892393382 0.10888411017733528 0.6621568680168699
8 0.061365609566660775 0.6608313121517584 0.06287150934417832 0.6620374807922793 0.06181180209333264 0.6638046581028102 0.06025012824998111 0.6635241537678053 0.05980393572330925 0.6627106911962912 0.059134646933301435 0.6625704390287886 0.05746142495828195 0.6620655312257798 0.05729410276078001 0.6613362199547672 0.058019165616621786 0.6609715643192609 0.05941351726247137 0.6608593625852588 0.06069632077665298 0.6608313121517584
8 0.1659840203176908 0.5760717520053794 0.166643168368456 0.5761227527935622 0.16765724229271026 0.5763777567344757 0.16856990882453907 0.5769897661926682 0.16902624209045347 0.577627276044952 0.16917835317909163 0.5785707906263321 0.1687220199131772 0.5794888048136209 0.1675558349002848 0.5803048174245442 0.16557839074798905 0.580432319395001 0.1631953170259916 0.5787237929908803 0.16299250224114076 0.5776527764390434 0.16299250224114076 0.5771172681631249 0.16339813181084245 0.5765052587049324 0.16431079834267126 0.5760462516112881
8 0.13799414145202735 0.4629559392372044 0.14357592694896332 0.46217614878285274 0.15256880358291564 0.4627999811463341 0.1531890019714641 0.4642036039641671 0.15256880358291566 0.4654512686911298 0.14605672050315707 0.4654512686911298 0.14264562936614067 0.46560722678200006 0.13768404225775316 0.4654512686911298
8 0.12496997529251018 0.4684144724176661 0.14543652211460864 0.4687263885994068 0.1451264229203344 0.4704419275989805 0.12372957851541329 0.4701300114172398
8 0.07752479856855471 0.45047929196757763 0.07380360823726408 0.4503233338767073 0.0725632114601672 0.45219483096715135 0.07442380662581252 0.45328653760324367 0.07845509615137736 0.4526627052397623
8 0.06884202112887658 0.4638916877824265 0.06884202112887658 0.46217614878285274 0.06543092999186018 0.461396358328501 0.06139964046629532 0.46186423260111215 0.06108954127202111 0.4624880649645934 0.05705825174645627 0.4627999811463341 0.05643805335790782 0.4638916877824265
8 0.06977231871169923 0.4665429753272221 0.06512083079758595 0.4701300114172398 0.04961587108387502 0.4690383047811475 0.05643805335790782 0.4657631848728705
