8 0.11770525580401578 0.7325020022635202 0.11458565864418477 0.7334505284269823 0.11568173332196324 0.7342093493577521 0.12192092764162528 0.7365490472276254 0.1305208981903486 0.7392681555628835 0.13212285348864022 0.7397740361833965 0.13439931628094934 0.7385093346321138
8 0.18314910764524442 0.6585681791762739 0.1839942761187067 0.6593239548304275 0.18386425019971248 0.6597384124472215 0.18305158820599882 0.660177249923827 0.1823039391717822 0.6603235290826954 0.180158511508378 0.660299149222884 0.17950838191340707 0.6599822110453356 0.17921582359567012 0.6594458541294848 0.17889075879818467 0.6587632180547651 0.17811060328421952 0.658226861138914 0.17713540889176307 0.6579586826809886 0.17687535705377472 0.6573979459053261 0.1773629542500029 0.655374417540979 0.17772052552723688 0.6552037585222992 0.17807809680447095 0.6554475571204132 0.17801308384497386 0.6557157355783387 0.1779805773652253 0.6564227515128697 0.17801308384497386 0.6569347285689093 0.1789882782374303 0.6572272868866462 0.17983344671089255 0.6573248063258919 0.18041856334636638 0.6577148840828745 0.18077613462360043 0.6580074424006114 0.18201138085404525 0.6581537215594798 0.18301908172625025 0.6582512409987256
8 0.10712440077664392 0.6372875319477277 0.10898377141826089 0.6368316285692543 0.1092698284400481 0.6371802605645575 0.10973467110045233 0.6382261565504671 0.11030678514402677 0.6390575097700362 0.11098617057077143 0.6397279559148499 0.11155828461434587 0.639969316526983 0.11087889918760123 0.6403179485222862 0.10980618535589913 0.640747034054967 0.10901952854598428 0.6407738519007595 0.10834014311923962 0.640747034054967 0.1068741008825801 0.6390575097700362 0.10637350109445247 0.6377166174804085 0.1066953152439631 0.6373411676393128
8 0.11189786955121177 0.6876422223853169 0.11381408402285244 0.6872973037804216 0.11458056981150871 0.6876997088194662 0.11519375844243374 0.6909764355659717 0.11519375844243374 0.6936208115368359 0.11527040702129936 0.698909563478564 0.11458056981150871 0.7043132882885907 0.11327754397079305 0.7039683696836954 0.11327754397079304 0.7007491287308112 0.11327754397079305 0.697587375493132 0.11297094965533054 0.6942531623124772 0.11235776102440552 0.6909189491318224 0.11182122097234613 0.6888494375024505
8 0.0695395042378197 0.6881978743992037 0.07264921367338986 0.6877227799021025 0.07731377782674506 0.6872044949961743 0.08146005707417191 0.6873772566314839 0.08197834198010029 0.688241064808031 0.08053866168585483 0.6891480633934056 0.07742895225028469 0.6897527291169887 0.07639238243842798 0.690486966067054 0.07656514407373743 0.6919122495583568 0.07633479522665816 0.6921713920113209 0.07524063820303163 0.6925169152819399 0.07403130675586546 0.6917826783318748 0.07357060906170691 0.6910484413818097 0.07120953337914442 0.6913075838347738 0.06919398096720081 0.6910484413818097 0.068502934425963 0.6896663482993339 0.06844534721419318 0.6885433976698225 0.06902121933189136 0.6881114935815489
8 0.10768479152800517 0.6471684934796165 0.11430444152094568 0.6396429966455368 0.1161858157294656 0.6394339550668123 0.11806718993798554 0.6395907362508557 0.1221783409862328 0.6415766312487379 0.12399003466851126 0.64215149559023 0.12538364519334083 0.6437193074306633 0.12684693624441193 0.6440328756217312 0.128170866243 0.64403286979875 0.129773518346554 0.6436670470359822 0.13047032360896882 0.6435625262466199 0.13137617045010805 0.6433534846678955 0.13235169781748876 0.6428308807210844 0.1335362667635939 0.6439283490093878 0.13311818360614502 0.6454439004551399 0.13200329518628137 0.6462800667700377 0.12970383782031253 0.6468026707168487 0.12747406098058522 0.6465413687434434 0.1251746036146164 0.6456529449453547 0.12301450730113053 0.6445032191738612 0.12057568888267879 0.6427263640078089 0.11932143941033217 0.6423605371689544 0.11723102362308781 0.6419424540115056 0.1148618857308775 0.6431444430891711 0.11270178941739166 0.6457574628232265 0.11005392942021545 0.6480569201891953 0.10775447205424664 0.6480569201891953
8 0.10478020106991347 0.6323659522017812 0.11450613981067902 0.632607311319859 0.1142915970443386 0.6365495346513642 0.10985771320663666 0.6363618097308165 0.10717592862738146 0.6363618097308165 0.10367173011048798 0.6360131777355132
8 0.4338734065971364 0.6648288191263038 0.43482526133713345 0.6656400589615284 0.4350415919598599 0.6663215004231172 0.4351281242089506 0.6679764296869756 0.4346521968389521 0.6715134353685552 0.4341762694689536 0.6720975280499171 0.4334840114762285 0.6724220239840067 0.4329215518571394 0.6721948768301441 0.4324456244871409 0.6715134353685552 0.43205622936623306 0.6707670947201485 0.4321427616153237 0.6648612687197129 0.4327917534835034 0.6644069744119869
8 0.4167382544002872 0.7204257079815661 0.414419634889602 0.720147473640284 0.41210101537891686 0.7192432120311167 0.41052435411165084 0.7184780675925906 0.41033886455079605 0.7162521928623328 0.41414140054831977 0.7156261655944476 0.4155325722547309 0.7136785252054721 0.4171092335219969 0.7126351464256637 0.41812942610669834 0.7159739585210505 0.41822217088712577 0.7181302746659878 0.41785119176541613 0.7200083564696428
8 0.4495057438495085 0.6825228216426915 0.4507321211113585 0.6814880658280056 0.451651904057746 0.6812006336572594 0.452878281319596 0.6814305793938564 0.4536447671082523 0.6828102538134376 0.4537980642659835 0.6842474146671681 0.45310822705619297 0.6853396569160034 0.4520351469520742 0.685742061955048 0.44981233816497096 0.6851097111794064 0.4496590410072397 0.6840174689305714
8 0.4593934105231743 0.6856270890867495 0.4625360022566651 0.685512116218451 0.4623827050989338 0.6948824049847739 0.46107967925821813 0.6947099456823262 0.45947005910204 0.6935602169993419 0.4589335190499806 0.6928703797895512
8 0.2715786271108259 0.7661266100906245 0.2718646841326131 0.7666093313148906 0.27261558381480455 0.7666093313148906 0.27333072636927264 0.7667434205438534 0.27347375488016623 0.7672797774597043 0.27368829764650665 0.7682988555998214 0.27318769785837904 0.7688888482072574 0.27240104104846413 0.7690765731278053 0.2669659576345069 0.7689424836000316 0.2666441434849963 0.7685402162119543 0.2664653578463793 0.767896587912933 0.2667514148681665 0.7665825134690979 0.2675380716780814 0.7665020599317204 0.26846775699888986 0.7663679707027576 0.2690041139147409 0.765804795941114 0.2690041139147409 0.7654025282542257 0.2701125848741664 0.7651611676420927 0.27104227019497484 0.7652952568710555 0.2714713557276557 0.7655902531747736
8 0.36634095192624744 0.6922132258039483 0.3701733808695288 0.6923177704675331 0.37532973981139817 0.6923177733790237 0.37874408559723066 0.6924745551453652 0.3796499324383699 0.6922132496781708 0.3804860987532676 0.6917951665207219 0.38181002875185577 0.6917951665207219 0.3830642782242024 0.6923177704675331 0.38348236138165126 0.6924745516515763 0.3839004445391001 0.6929448952037063 0.38403980559158307 0.6935720199398797 0.38313395875044387 0.6942514050707341 0.38222811190930467 0.6951398317803129 0.38480629138023936 0.6951398317803129 0.38494565243272233 0.6966553832260652 0.38327331980292684 0.6968121644101085 0.38020737664830173 0.6970212059888329 0.36606222982128145 0.6970734698773028 0.364389897191486 0.6959237377005296 0.3639718140340371 0.6955579149377619 0.369337214554631 0.6954011372475073 0.3791621687546795 0.6953488733590375 0.37839568296602333 0.6940946238866907 0.37832600243978187 0.6934674991505176 0.365713827190074 0.6931016763877497 0.3650170219276593 0.6923177704675331 0.3659228687687985 0.692265515313535
8 0.4637790599225488 0.7972752008308113 0.4658772323483854 0.7971209234465586 0.466082935527389 0.8011938463908297 0.4656715291693818 0.801841811404691 0.46550696662617896 0.8027366202333568 0.4635322161077443 0.8027983311870577 0.46373791928674807 0.8007618697149222 0.4633676535645417 0.7979848767983736 0.4631208097497373 0.7971826344002596
8 0.4052751265651612 0.7940115859727258 0.40522987186578036 0.794758288512509 0.4046868154732109 0.7950298167087937 0.40459630607444935 0.7954371090032207 0.4047320701725917 0.7956407551504343 0.4052751265651612 0.7958444012976479 0.405953947055873 0.7958104602731122 0.4062254752521578 0.7957086371995055 0.40649700344844253 0.7955389320768275 0.4066327675465849 0.7951316397824004 0.40658751284720407 0.7946904064634377 0.40658751284720407 0.7943849372426173 0.405953947055873 0.7937739988009767 0.4054108906633036 0.793740057776441
