8 0.21218956981312048 0.44257032071896063 0.2004758056481744 0.4528030342423618 0.18512673536307261 0.4649207213095475 0.1776541616716415 0.47003707807124795 0.17179727958916846 0.4738070251588169 0.1701477663625958 0.47246061548468515 0.1699593333476653 0.47120439538514874 0.1724089625417614 0.4695713092557513 0.18041736567630642 0.4640439408177908 0.19002744943776043 0.4570091082603866 0.19813006907977068 0.4506023857527506 0.20444257507994146 0.44595437138446564 0.20811701887108566 0.44293944314557815 0.2099071325129251 0.4410551129962734 0.21132038012490365 0.4401757589265978 0.21235676170702125 0.4408038689763661
8 0.32133283480057495 0.5062416236244944 0.31912961897017755 0.509668848249557 0.3167428018205804 0.5128512711156865 0.31600839654378127 0.5143200816692848 0.3156411939053817 0.5167680992586152 0.3156411939053817 0.5187265133300796 0.3180280110549788 0.5184817115711465 0.31912961897017755 0.5172577027764813 0.32085823774255734 0.5142304776377211 0.32261386814266446 0.5107192168375068 0.3232408789998456 0.5080439705135339 0.32261386814266446 0.5058703328753059
8 0.31349136754272316 0.5308489691022554 0.31010550891394495 0.53335701253098 0.30446241119931466 0.5443924036173681 0.2978160961131946 0.5577686352372324 0.2926746070843092 0.5666303886853926 0.2862949898122695 0.5798570606595154 0.2862949898122695 0.5822805980729525 0.2871028356167485 0.5830884438774315 0.2885165657745868 0.5830884438774315 0.29194991044362273 0.5766256774415992 0.29861463833057483 0.5628922987654554 0.3052793662175269 0.5499667658937909 0.3101264410444012 0.5397340523703896 0.3125499784578383 0.5335405678693838
8 0.14250364754988568 0.38139875966004 0.14250364754988568 0.39206630437688184 0.14084833888692747 0.4036534650175893 0.14029656933260803 0.40788369826737136 0.14029656933260803 0.4108264692237416 0.1407103964983476 0.41303354744101917 0.1409862812755073 0.414137086549658 0.1418139356069864 0.41468885610397743 0.14305541710420505 0.414137086549658 0.14402101382426402 0.41284962425624605 0.144021013824264 0.4110103924085146 0.14374512904710432 0.4080676214521446 0.14402101382426402 0.4067801591587326 0.14484866815574313 0.40494092731100123 0.14540043771006253 0.4016303099850848 0.14484866815574313 0.3977679231048491 0.14553838009864237 0.3931698434855207 0.14595220726438193 0.3889396102357384 0.1455383800986424 0.3854450697250489 0.1447107257671633 0.3830540683229982
8 0.15844014951392715 0.798810514778805 0.15062020212657007 0.8115179292832603 0.1442664948743424 0.8219445257997365 0.14182276131579333 0.8271578240579746 0.13986777446895401 0.8271578240579746 0.14175439539665935 0.8228963606185803 0.1464652207699211 0.8141028199218249 0.15183556169543952 0.8050580352051623 0.15560422199404894 0.7992794227472946 0.15673482008363177 0.797646336617897 0.15795963468067983 0.7975207146079435
8 0.11445099685356279 0.8770727967517725 0.09778917713618257 0.9090634906091425 0.08246030299619278 0.9363148224135688 0.06646495606750778 0.9632699440896861 0.054912761063457494 0.9822273923014609 0.050025293946359295 0.9925947467922753 0.04824803317650541 0.9943720075621292 0.05024745154259103 0.9860781239694778 0.058689440199397015 0.9703789871691018 0.0733518415506916 0.9452011262628381 0.08668129732459579 0.9220967362547376 0.09889996511734125 0.8998809766315641 0.10823058415907419 0.8827007891896431 0.11178510569878196 0.8767765866234635
8 0.09351112048561416 0.21563705792069185 0.09285160493335752 0.21940571821930127 0.09313425445575323 0.223425622537818 0.09341690397814893 0.2271942828364274 0.09379377000800987 0.22882736896582478 0.09435906905280128 0.2302092110753149 0.09548966714238412 0.23083732112508315 0.09652604872450171 0.2309629431350368 0.09793929633648023 0.2309629431350368 0.09906989442606305 0.22945547901559304 0.099446760455924 0.22794801489614927 0.09869302839620211 0.22694303881652012 0.097845079829015 0.22618930675679821 0.0972797807842236 0.2254355746970763 0.09718556427675835 0.22417935459753988 0.09718556427675835 0.22254626846814243 0.09699713126182788 0.22053631630888407 0.09671448173943217 0.21915447419939393 0.09652604872450171 0.2181494981197648 0.0959607496797103 0.21714452204013562 0.09558388364984934 0.21639078998041372 0.09501858460505792 0.21588830194059916 0.09445328556026653 0.21538581390078457
8 0.09453213746549637 0.24222100652697098 0.09400562811927243 0.24331302591173165 0.0937716239653951 0.24432704391186674 0.09388862604233376 0.24502905637349864 0.09406412915774175 0.24588707160438208 0.09423963227314971 0.24612107575825937 0.09494164473478164 0.2463550799121367 0.09564365719641357 0.2463550799121367 0.09622866758110683 0.24612107575825937 0.09663817485039213 0.24557506606587906 0.0968136779658001 0.24471705083499556 0.0968136779658001 0.24378103421948633 0.09657967381192281 0.2429230189886029 0.09634566965804547 0.24253301206547406 0.09581916031182153 0.24190900098846785 0.09515692855634864 0.24184971993615145 0.09496024183494525 0.2419666024322688
8 0.33322491093702494 0.9536847980162196 0.331594682708354 0.9566944501306891 0.32996445447968303 0.9603729138261518 0.3284596284224483 0.9647201891026078 0.3278326175652671 0.9667266238455874 0.3274564110509585 0.9695690730648088 0.32708020453664977 0.9725787251792781 0.32708020453664977 0.9745851599222578 0.32720560670808607 0.9772604062462307 0.3290866392796295 0.9704050875410501 0.3324724979084076 0.9623793485691315 0.33360111745133364 0.9581992761879239 0.3339773239656424 0.9551896240734543
8 0.4668261372400575 0.30174896348806973 0.46560346553604853 0.303550795472925 0.4638016335511933 0.30698285639645884 0.46225720613560306 0.3092136959967558 0.461742396997073 0.3089562914274908 0.46180674813938927 0.30775507010425396 0.4627720152741331 0.30578163507322204 0.46367293126656073 0.3038940015652784 0.4648956029705697 0.3020063680573348 0.4655391143937323 0.300805146734098 0.4663113281015274 0.3006335436879212
8 0.4176736983908559 0.22384085610912674 0.41634412933473475 0.22646453904653896 0.4149081947541241 0.2285918495363327 0.411557680732699 0.231853725620683 0.4097494668163744 0.23391012576081688 0.4082071667112739 0.23447740855809523 0.408153983949029 0.23362648436217776 0.4094835530051501 0.2317828152710232 0.41166404625718866 0.22930095303293055 0.41299361531330975 0.227457283941776 0.41389772227147215 0.22610998729824006 0.4152804740898379 0.2241954078574257 0.4160782155235106 0.2232735733118484 0.41687595695718327 0.22256446981525052 0.4174077845796317 0.22291902156354942
8 0.3419963920607572 0.8659104733355253 0.3410954760683296 0.8669400916125853 0.3406450180721157 0.8684845190281756 0.3406450180721157 0.8701147479668542 0.3406450180721157 0.8712301677670027 0.34096677378369705 0.8726029921364161 0.34161028520685965 0.8727745951825929 0.3423181477723385 0.8720881829978862 0.34289730805318486 0.8709727631977376 0.3431547126224499 0.8698573433975892 0.3432834149070824 0.8681413129358222 0.34321906376476613 0.8672832977049388 0.34289730805318486 0.866854290089497
