8 0.19931704730189548 0.8205799922759127 0.19666416929211852 0.8193834674570976 0.19367159348840676 0.8183531266408955 0.1920701610312853 0.817439114626523 0.19082460245352417 0.8169821086193366 0.19011285469480355 0.8175305158279602 0.18975698081544326 0.8184445278423328 0.19064666551384404 0.8193585398567056 0.19242603491064567 0.8200897494682038 0.19456127818680755 0.8204553542739529 0.19634064758360917 0.820820959079702
8 0.20869635019613153 0.8786006623186392 0.21030340241441958 0.8783942879370915 0.2119104546327076 0.8780847263647698 0.21281442150549462 0.8777751647924483 0.21311574379642362 0.8770528544570311 0.2120108953963506 0.8768464800754835 0.21100648775992056 0.8767432928847095 0.20980119859620455 0.8767432928847095 0.20889723172341756 0.8773624160293526 0.20829458714155952 0.8775687904109004 0.20749106103241555 0.8776719776016744 0.2065870941596285 0.8783426943417044
8 0.24868076625309285 0.8848713186078156 0.2481946329570607 0.884309464354052 0.245399366504876 0.88368518184987 0.23847196703641818 0.8816250495860697 0.23689203382431376 0.8811880518331425 0.23433983402014513 0.8806886258297969 0.23203070086399247 0.8798146303239425 0.2305723009758961 0.8795649173222696 0.22960003438383186 0.8790654913189242 0.22874930111577563 0.8789406348180877 0.22850623446775958 0.8793152043205968 0.22911390108779972 0.8800643433256151 0.23218523022399068 0.8808973411108377 0.23492452377789072 0.88187804581654 0.23791284401850896 0.8823470785018757 0.24015408419897263 0.8830719471973945 0.24256134217058173 0.884010012568066 0.2455496624112 0.8849480779387374 0.24704382253150908 0.8852891926189819 0.24762488480051822 0.8852465532839511
8 0.1368731246278378 0.8480939284873075 0.13289567038757494 0.8462778339296874 0.12803433742725365 0.8440644686875881 0.12792385258724634 0.8450292689213237 0.13024403422739966 0.8462210809747617 0.13190130682750922 0.8470723752986461 0.13389003394764065 0.8478101637126794 0.13477391266769906 0.84832094030701 0.13543682170774285 0.8489452228111918 0.13587876106777205 0.848604705081638
8 0.5782706699596599 0.8218051803916923 0.5822826390498 0.8195971421577911 0.585148331257043 0.8169474962771099 0.5860080389192158 0.8156226733367693 0.5883005926850102 0.815769875885696 0.5883005926850102 0.8176835090217436 0.5868677465813887 0.819744344706718 0.5837154851534215 0.8218051803916923 0.58027665450473 0.8229828007831061
8 0.5807097609186054 0.9632492015354557 0.5822163723732504 0.9628364527723601 0.5830198984823944 0.9621141424369433 0.5818146093186785 0.9617013936738478 0.5767925711365284 0.9617013936738478 0.5742815520454533 0.9616498000784607 0.5737793482272383 0.9617013936738478 0.5756877227364553 0.9624237040092648 0.5785000641184593 0.9628880463677472
8 0.6419142477369167 0.9683136747815952 0.641976613548767 0.9678011057654508 0.6426002716672699 0.9674807501303603 0.643286295597623 0.967288536749306 0.6429121007265212 0.9669681811142157 0.6414776870539647 0.9667118966061437 0.6398561759458574 0.9665517187885984 0.6387959571444025 0.9668400388601797 0.6387335913325523 0.967256501185797 0.6392325178273546 0.9675768568208873 0.6399809075695579 0.9678651768924686 0.6406045656880608 0.9679612835829958 0.6410411263710128 0.9680573902735229
8 0.7413076260723224 0.9764304778251133 0.7413076260723224 0.9750684069068981 0.7397608383122203 0.9744441244027163 0.7388769595921619 0.9746711362224189 0.738214050552118 0.9756926894110801 0.7392084141121837 0.9766574896448157 0.7399818079922349 0.9766574896448157
8 0.7486519641891127 0.9832678259693401 0.7487086603817038 0.9818116639916566 0.748765356574295 0.9809962132841541 0.7485952679965214 0.9804719949721882 0.7481983946483833 0.9801807625766514 0.7477448251076539 0.9807341041281711 0.7477448251076539 0.9816078013147812 0.7476314327224717 0.9824523752618375 0.7478582174928363 0.9829474703342497
8 0.7970123408263009 0.9773462163980949 0.7963092554807999 0.9772430292073211 0.7961083739535139 0.9767270932534519 0.7972132223535869 0.9765207188719041 0.798920715335518 0.9763659380857432 0.800126004499234 0.9760563765134216 0.8008290898447349 0.9751792853918437 0.800929530608378 0.9745601622472005 0.802637023590309 0.9747665366287483 0.803641431226739 0.9752824725826177 0.80434451657224 0.9757984085364869 0.802837905117595 0.9760047829180348 0.801431734426593 0.975901595727261 0.800527767553806 0.9764691252765172 0.80032688602652 0.9769334676349996 0.799523359917376 0.9773462163980949 0.7984185115173029 0.9774494035888689
