8 0.1692212539174712 0.592519388417453 0.16908439511744602 0.5941547441568164 0.1699055479175971 0.5962878168603338 0.17031612431767265 0.5986341968342029 0.17141099471787405 0.6000562453032146 0.17264272391810065 0.6001984501501157 0.17373759431830207 0.5999140404563134 0.17401131191835245 0.5995585283390605 0.17401131191835245 0.5987052992576535 0.17387445311832728 0.5978520701762465 0.17373759431830207 0.5965011241306855 0.17346387671825172 0.5957189974727292 0.17209528871799995 0.5940125393099152 0.17141099471787405 0.5933015150754093
8 0.20028820152318655 0.593870334463014 0.19960390752306065 0.5953634853554762 0.2000144839231362 0.5967855338244878 0.20083563672328725 0.5979231725996971 0.20097249552331245 0.5988475041045547 0.2012462131233628 0.6002695525735663 0.20179364832346353 0.6006250646908192 0.20275165992363975 0.5982075822934994 0.2030253775236901 0.5962167144368832 0.2030253775236901 0.5946524611209705 0.20206736592351388 0.5937992320395634
8 0.21889471914292924 0.623122699541712 0.21366004063639965 0.623122699541712 0.20833188572796776 0.6232198273655636 0.20487325885758217 0.6231712634536378 0.20375154203475443 0.6228313160701571 0.2038450184366567 0.6223456769508989 0.20459282965187525 0.6219086017435667 0.2077710273165539 0.6217629100077893 0.20879926773747937 0.6216657821839376 0.2132861350287904 0.6219086017435667 0.21693171470298064 0.6221514213031958 0.21880124274102694 0.6222971130389732 0.2198294831619524 0.6225399325986023 0.21954905395624544 0.6229770078059346
8 0.18077306623242426 0.6216574521485724 0.1806958130077116 0.6222996195789963 0.18085031945713687 0.6229417870094203 0.1820863710525394 0.6231023288670262 0.18355418232207987 0.6229016515450188 0.1844039677939191 0.6224601614366023 0.1844039677939191 0.6218581294705798 0.18378594199621784 0.6214166393621634 0.18231813072667738 0.6211758265757543 0.18131383880541285 0.6212560975045573
8 0.3006770158280436 0.6367564403494527 0.29934264194664323 0.6366834667778135 0.2980082680652428 0.6367929271352722 0.2975868868395374 0.6371942817792873 0.29793803786095857 0.6375956364233021 0.2983594190866639 0.6379605042814976 0.29906172112950624 0.638325372139693 0.29983425337663283 0.6384713192829711 0.30053655541947516 0.6381064514247757 0.30074724603232783 0.6377050967807607 0.30095793664518056 0.6372307685651067
8 0.31687013846094897 0.7271405950810464 0.3156512671469251 0.7266581251859121 0.31332960750116534 0.7265676620805742 0.31135619680226956 0.7267485882912497 0.3107177403996856 0.7270501319757088 0.3134456904834533 0.7274421387655055 0.31466456179747715 0.7274421387655055 0.3158834331115011 0.7274119843970596
8 0.19975071018950274 0.724508203297297 0.197896632796399 0.7249095579413123 0.197433113448123 0.7256721317649406 0.19797388602111166 0.7262741637309631 0.19920993761651412 0.726595247446175 0.20044598921191664 0.7266353829105765 0.20160478758260647 0.7263544346597661 0.20214556015559507 0.7257925381581452 0.20191380048145713 0.725230641656524 0.20145028113318117 0.7249496934057136
8 0.20851992504854 0.7214828959415653 0.20195070264733148 0.7213406910946641 0.19757122104652575 0.7214117935181147 0.19510776264607257 0.7216251007884664 0.19346545704577042 0.7219806129057195 0.19196001024549347 0.7221228177526205 0.19086513984529205 0.7220517153291701 0.190043987045141 0.7213406910946641 0.19045456344521652 0.7206296668601584 0.19168629264544312 0.7202741547429055 0.19401289224587115 0.7202741547429055 0.19565519784617325 0.720558564436708 0.20017380100085244 0.7209033378327794 0.20492265027627013 0.7209855770194501 0.20824684476906252 0.7210404031438972
8 0.19167306814838286 0.7241333479977944 0.1904956675015851 0.7244731793476731 0.18992877089386767 0.7249715986608284 0.1894926965802388 0.7257871939005374 0.18988516346250478 0.7262629577903675 0.19162946071702 0.7267387216801977 0.1931121133833579 0.7268066879501734 0.1945947660496959 0.7265801337169209 0.1951180552260504 0.7261496806737413 0.1954669146769535 0.725492673397309 0.1951616626574133 0.7248583215442023 0.19415869173606704 0.7242013142677702 0.19280686136381778 0.7241560034211196 0.19206553503064877 0.7241106925744691
8 0.5087284320533667 0.7189335550679558 0.507459852231901 0.7185628299589973 0.5034162540509795 0.7182744882075851 0.5011169531245729 0.7184392549226777 0.49929336963121623 0.7189129592285692 0.49905551091469136 0.7193042801769144 0.49961051458658257 0.7196750052858731 0.5008790944080482 0.7201899012705375 0.5018701723935682 0.7202722846280839 0.5049623357083907 0.7201899012705375 0.5064291311269603 0.719983942876672 0.507658067829005 0.7198191761615792 0.5082527146203171 0.7197161969646462 0.5087680751727875 0.7194896427313935 0.5088473614116291 0.7193866635344607
8 0.866323412791222 0.5842565014762914 0.8677982470811911 0.587722746129148 0.8689219303497387 0.5899849268499596 0.8703967646397076 0.5923930547140495 0.8713799874996869 0.5934876582886357 0.8722929801553819 0.5938890129326506 0.8733464332196454 0.5935606318602749 0.8734868936282139 0.592903869715523 0.8729250519939401 0.5913714247111022 0.8725036707682347 0.5905322286372527 0.8717311385211081 0.589072757204471 0.8708883760696974 0.5873213914851331 0.8703967646397076 0.5863727350538249 0.8692028511668757 0.5853875918366973 0.8685005491240332 0.5846943429061259 0.8673768658554856 0.5842565014762914
8 0.5117435248314987 0.6318182483138702 0.492816484776898 0.6318182483138702 0.49436154927115106 0.6337848860695436 0.4965246395631054 0.634708001750778 0.4996147685516117 0.635189627323596 0.5023958846412673 0.635430440110005 0.5047134813826469 0.6351494918591946 0.5080353700452912 0.6345073244287706 0.5107392329102342 0.6335842087475361 0.5113572587079355 0.6331025831747181 0.5117435248314987 0.6325808221374987
8 0.5692108192704951 0.6308314110671864 0.5651374674220097 0.6319989882134118 0.5639435539491777 0.633020618216359 0.5638030935406092 0.6338963010760281 0.5638030935406092 0.6345530632207799 0.5674550641633893 0.6345895500065994 0.5741971637746757 0.6345895500065994 0.5795346593002774 0.6344436028633212 0.5840293923744683 0.6343341425058626 0.5848721548258791 0.6338598142902085 0.5826950184930679 0.6327287239298027 0.5797453499131301 0.6321814221425096 0.57609337929035 0.6313422260686601 0.5733544013232649 0.6309773582104646 0.5705451931518956 0.6307219507097279
8 0.07817478828475195 0.7248189533186601 0.07546023357350877 0.7256416259866835 0.07172772084554938 0.7264055363212765 0.06890005968800438 0.7266405856549973 0.06629861142306298 0.7268168726552883 0.06279231158770719 0.7272282089892996 0.0614350342320856 0.7279333569904626 0.060417076215369396 0.7284622179913345 0.0586073730745406 0.7296374646599392 0.05623213770220281 0.7310477606622647 0.05532728613178841 0.7321054826640091 0.05385690232986501 0.732869392998602 0.052386518527941614 0.7334570163329043 0.05114234761862182 0.7337508280000554 0.04933264447779302 0.7337508280000554 0.04786226067586962 0.7332219669991834 0.04831468646107682 0.7322230073308695 0.04933264447779302 0.7312240476625554 0.050350602494509206 0.7304013749945323 0.05182098629643262 0.729578702326509 0.05340447654465781 0.7288735543253463 0.054987966792883015 0.7284034556579044 0.05668456348741 0.727815832323602 0.0560059248095992 0.727580782989881 0.05397000877616682 0.7274044959895903 0.051594773403829015 0.7281096439907533 0.04899332513888763 0.7290498413256369 0.04492149307202284 0.7299900386605206 0.043564215716401226 0.7305188996613927 0.04220693836077964 0.7310477606622647 0.03994480943474364 0.7311652853291253 0.03847442563282025 0.7312240476625554 0.03802199984761305 0.730577661994823 0.038926851418027444 0.7298137516602299 0.040623448112554444 0.7289910789922067 0.04186761902187424 0.7286972673250556 0.04322489637749584 0.7284034556579044 0.045373918857230036 0.7276983076567416 0.047409834890662424 0.7269343973221486 0.04910643158518942 0.7262292493209859 0.050576815387112825 0.7257591506535439 0.051934092742734424 0.7256416259866835 0.05476175390027941 0.725289051986102 0.057363202165220804 0.7250540026523812 0.05792873439672981 0.7243488546512186 0.057363202165220804 0.7234086573163345 0.05589281836329741 0.7221746483142999 0.05544039257809021 0.7216457873134278 0.0540831152224686 0.7207643523119742 0.05329137009835602 0.7197066303102301 0.05340447654465781 0.7190014823090672 0.05453554100767581 0.7178849979738928 0.056005924809599206 0.7167685136387185 0.05691077638001361 0.7162396526378463 0.058494266628238804 0.7155345046366836 0.06030396976906759 0.714888118968951 0.062339885802499995 0.7144767826349394 0.0636971631581216 0.7144180203015091 0.06709035654717559 0.7143004956346488 0.06890005968800438 0.7143004956346488 0.07138840150664397 0.7144767826349394 0.07353742398637816 0.7147118319686602 0.07410295621788716 0.7151231683026719 0.07421606266418897 0.7158283163038348 0.07353742398637816 0.7163571773047068 0.07127529506034216 0.7167685136387185 0.06923937902690978 0.7170035629724394 0.06697725010087378 0.7171210876392997 0.06482822762113959 0.7175324239733115 0.0630185244803108 0.7181200473076137 0.061661247124689206 0.7188839576422068 0.06007775687646399 0.7193540563096487 0.05883358596714419 0.7198829173105207 0.05872047952084241 0.7205880653116836 0.059851543983860396 0.7213519756462766 0.0614350342320856 0.7221158859808696 0.062905418034009 0.7225859846483114 0.06426269538963059 0.7235261819831952 0.06471512117483778 0.7238787559837765 0.06573307919155398 0.7246426663183696 0.06652482431566659 0.7249364779855206 0.06901316613430618 0.7247601909852299 0.06991801770472057 0.7241725676509276 0.07229325307705838 0.7232911326494741 0.07579955291241416 0.7227035093151719 0.07726993671433756 0.7230560833157533 0.07874032051626095 0.7235849443166253 0.07862721406995915 0.7241725676509276
8 0.5725873157720275 0.4712557750312022 0.5719530258612946 0.47164709597954724 0.5703276579650418 0.47197662940973273 0.568107643277477 0.4721002044460522 0.5662444166646994 0.4720590127672791 0.5656497698733873 0.47197662940973273 0.5646983350072882 0.4714411375856814 0.5645794056490258 0.4710292207979496 0.5653326249180209 0.47045253729512526 0.5663633460229618 0.4702671747406459 0.5682662157551602 0.4702465789012593 0.5702483717262002 0.4702671747406459 0.5719530258612946 0.47045253729512526 0.5724683864137651 0.47080266656469727
8 0.8990363188769915 0.26377865869993716 0.8988493660731869 0.2647985008503792 0.8998776064941123 0.2652841399696373 0.9008123705131355 0.2656726512650438 0.9009993233169399 0.2665468016797084 0.9012797525226469 0.2669838768870407 0.9017471345321586 0.26785802730170527 0.9024014693454747 0.2683922303328893 0.9029623277568888 0.2686350498925183 0.9044579501873257 0.2685864859805925 0.9052992378044464 0.26848935815674085 0.9061405254215673 0.2683436664209634 0.906607907431079 0.26800371903748277 0.906701383832981 0.26756664383015044 0.9062340018234697 0.2669838768870407 0.9057666198139581 0.26649823776778264 0.9053927142063487 0.26615829038430194 0.9047383793930325 0.26576977908889543 0.9040840445797165 0.26523557605771153 0.9034297097664001 0.2647985008503792 0.9029623277568888 0.26436142564304693 0.9019340873359633 0.26358440305223396 0.9006254177093309 0.2633415834926049 0.8995971772884053 0.2634872752283823
8 0.051288408640163714 0.5762036936317744 0.050089204277684506 0.5769264016358497 0.049657490707191984 0.5775245048116363 0.049657490707191984 0.5783468966783427 0.04989733157968783 0.5788702369571559 0.05071279054617369 0.5794184982016269 0.05176809038515542 0.5794434191672847 0.052391676653644595 0.5792689724076803 0.053015262922133786 0.5788203950258404 0.05335104014362797 0.5783967386096582 0.0534469764926263 0.5777737144682139 0.0534469764926263 0.5770759274297964 0.05267948570063961 0.5766273500479565 0.05200793125765125 0.5763781403913788
8 0.16809510004216632 0.26951452800820863 0.16703980020318465 0.2707207027460447 0.16498196551717034 0.272886334661705 0.16366284071844317 0.2738732049017527 0.16297689582310504 0.2748326620795769 0.16292413083115598 0.2754905755729421 0.1633990157586977 0.2765322719374369 0.16445431559767948 0.2764500327507663 0.16466537556547578 0.27565505394628337 0.16524579047691573 0.2747504228929063 0.1660900303481011 0.27390061796397625 0.16693427021928645 0.27327011753283464 0.16883380992945354 0.27200911667055144 0.16951975482479165 0.27168015992386885 0.1704695246798752 0.271186724803845 0.17094440960741694 0.2701450284393502 0.17062781965572246 0.26978865863044404 0.16999463975233342 0.2693226365726437 0.1688865749214026 0.2692678104481966
