8 0.8540818087093911 0.6410633121356228 0.859036855139799 0.6406629043432666 0.8672952658571453 0.6410633121356228 0.8710490889104847 0.6404627004470886 0.8767548999515604 0.6396618848623763 0.880809028849167 0.6390612731738419 0.8835117814475711 0.6396618848623763 0.8827610168369033 0.6416639238241573 0.8766047470294269 0.6414637199279791 0.8754035236523582 0.643265554993582 0.8678958775456797 0.6434657588897601 0.8668448070907446 0.6446669822668286 0.8579857846848639 0.6446669822668286 0.8557334908528602 0.6448671861630068 0.8546824203979253 0.6460684095400753 0.8537815028651239 0.6458682056438972 0.8536313499429903 0.643265554993582
8 0.8605150573106942 0.6132250403675219 0.8621331533210413 0.612300414075895 0.8632889361855749 0.6118894690573942 0.8644447190501086 0.6115812602935186 0.8651381887688286 0.6115812602935186 0.8660628150604556 0.6121976778212698 0.8669103891611136 0.6131223041128967 0.8669874413520824 0.6138414578952731 0.8663710238243312 0.6146633479322748 0.8651381887688286 0.6154852379692765 0.8635971449494506 0.6158961829877773 0.8629036752307304 0.6158961829877773 0.8619790489391036 0.6156907104785269 0.8605921095016633 0.6147660841869
8 0.8460869447490696 0.5600358841373885 0.8469963637675023 0.5601413240235836 0.8473522233834108 0.560563083568364 0.8475894631273497 0.561143002942437 0.8477476229566423 0.5619865220319976 0.847668543041996 0.5627773211784607 0.847391763340734 0.5634626804387288 0.8467986639808864 0.5638844399835091 0.8463241844930087 0.5640425998128018 0.8455333853465455 0.5641480396989969 0.8449007460293749 0.5640953197558993 0.8441099468829119 0.5635681203249239 0.8439122470962961 0.5627773211784607 0.8439122470962961 0.5617756422596075 0.8442681067122045 0.560563083568364 0.8447030462427593 0.5602467639097787 0.8456124652611919 0.5599304442511935
8 0.8922681730866064 0.6460508230506126 0.8932404007101523 0.6456547303150938 0.8940235840735643 0.645870780898104 0.8940775967193169 0.6466629663691414 0.8937535208448015 0.6474191434096772 0.8927002742526269 0.6479592698672028 0.8922681730866063 0.6477432192841925 0.8919711035349674 0.6467349832301449 0.8919981098578436 0.6463748989251278
8 0.7343532565454205 0.47180030597304456 0.7351058324151394 0.4711056205548427 0.7364373128000264 0.470719684211397 0.7372477791212622 0.4710284332861535 0.7375372313788463 0.4719546805104229 0.7373635600242959 0.47342123861551594 0.7368425459606444 0.474115924033718 0.736205750993959 0.4741931113024071 0.7350479419636226 0.4740387367650289 0.7344690374484542 0.4736528004215833
8 0.42754671598091926 0.4271165016070072 0.4281256204960876 0.4271165016070072 0.428757152694453 0.4271165016070072 0.4297044509920012 0.4269761611184816 0.4301254724575782 0.4268358206299559 0.4307570046559437 0.42606394794306474 0.4311780261215207 0.4252219050119108 0.43233583515185736 0.4252219050119108 0.4335462718653911 0.4252920752561737 0.4341251763805595 0.4252920752561737 0.43438831479654505 0.42578326696601354 0.4338094102813767 0.42669548014143016 0.43312525039981414 0.42676565038569303 0.4317043029534918 0.4269761611184816 0.4312832814879149 0.427607693316847 0.4307570046559437 0.4283093957594753 0.429599195625607 0.42866024698078947 0.42817824817928474 0.4287304172250523 0.42738883293132784 0.42859007673652655 0.42665204536656826 0.4283093957594753 0.4268625560993567 0.4271866718512701
8 0.44544157031190046 0.42321617416241364 0.4466277690315951 0.42321617416241364 0.4477744277939667 0.4231107342762186 0.44896062651366136 0.422952574446926 0.4501468252333561 0.4228998545038285 0.4511748641237582 0.4228998545038285 0.45204474318486765 0.42305801433312107 0.45291462224597706 0.4232688941055113 0.45319140194723917 0.4234797738779015 0.4531123220325929 0.4241651331381695 0.4527960023740076 0.4245868926829498 0.4518470433982518 0.4250613721708277 0.45046314489194134 0.4251668120570228 0.44927694617224667 0.4251140921139252 0.4477744277939667 0.4249559322846326 0.44670684894624146 0.4249559322846326 0.44579742992780885 0.4246923325691449 0.445322950439931 0.424323292967462 0.44504617073866887 0.42363793370719416
8 0.4610237921449851 0.42226283454364577 0.46245512725742777 0.4221908176826423 0.4665870946574981 0.42211880082163894 0.46882861945622906 0.4220107755301338 0.469017663716363 0.42211880082163894 0.4690446700392393 0.42258691041816104 0.46893664474773417 0.4232710705976934 0.46869358784184767 0.4235951464722087 0.46836951196733234 0.42388321391622236 0.46710021479214736 0.4240992644992325 0.4660739745228489 0.4240992644992325 0.46510174689930284 0.4240992644992325 0.4622930893201701 0.4240992644992325 0.46091576685348 0.4235951464722087 0.46080774156197485 0.422838969431673
8 0.47062917204578997 0.4230234439407506 0.47206698867572283 0.42297987373984347 0.47628240561348095 0.42315415454347177 0.47687060332572623 0.4233720055480071 0.47687060332572623 0.4239819883607059 0.47683792567504596 0.42454840097249763 0.47677257037368537 0.42550694539245293 0.4760863397093991 0.42550694539245293 0.47474655603150706 0.42520195398610355 0.47327606175089376 0.4249405327806612 0.4718382451209608 0.4248533923788471 0.4708252379498717 0.4248969625797541 0.4699102637308235 0.4248533923788471 0.46928938836789785 0.42480982217794 0.46860315770361166 0.4246791115752188 0.46847244710089053 0.4242434095661482 0.4693220660185781 0.4230670141416576
8 0.4790105582081328 0.42437050251330305 0.4875721026863701 0.424326932312396 0.4908071901037193 0.42423979191058186 0.4916568090214069 0.42437050251330305 0.4916568090214069 0.42637473175502777 0.47887984760541175 0.4261568807504925 0.4786837817013299 0.42545975753597953 0.47855307109860873 0.42498048532600186
