8 0.24784629014197404 0.674356997557572 0.2489795241189871 0.674291427863623 0.25221827184606266 0.674291427863623 0.25484975437431157 0.6743934294399884 0.2565197336710849 0.6744954310163539 0.257531842335796 0.6747504349572674 0.2576836586355027 0.6753624444154598 0.2568739717037338 0.6757194499327387 0.2551027815404893 0.6761274562382005 0.2527243261784182 0.6761784570263832 0.2480686263207471 0.6761529566322918 0.2474107556886849 0.6757959511150128 0.24725893938897822 0.6752604428390945 0.24730954482221373 0.6747759353513587
8 0.32486499155207066 0.6709086715724502 0.3254733213280051 0.6711002598075467 0.32543530071700927 0.6715600715717785 0.32494103277406244 0.6718091362774041 0.32361031138920565 0.6718282951009138 0.32208948694936923 0.6718474539244235 0.3203405388435574 0.6718666127479331 0.3183254464607742 0.6719432480419717 0.31733691057488056 0.6719432480419717 0.31619629224500323 0.6718474539244235 0.315473900636081 0.6715983892187978 0.31543588002508505 0.6711002598075467 0.31733691057488056 0.6707362421608632 0.3211389716744716 0.6708128774549018 0.32383843505518106 0.6709469892194694
8 0.20229222203028563 0.675206121699236 0.20280378934738233 0.6793306331933276 0.2051058422743171 0.6799750881142793 0.20612897690851034 0.6795884151617083 0.20561740959141372 0.6743038848099036 0.20689632788415527 0.6730149749679998 0.20689632788415527 0.6721127380786674 0.20459427495722055 0.6719838470944771 0.20280378934738233 0.6719838470944771 0.2010133037375442 0.6723705200470481 0.20152487105464076 0.6736594298889517
8 0.16788091077412598 0.681820740207765 0.16868776628129992 0.6814141606748533 0.1695842724003821 0.6812334586602256 0.1703014772956478 0.6814141606748533 0.17092903157900527 0.6819110912150788 0.17083938096709705 0.6824080217553044 0.17039112790755598 0.6829501277991867 0.16886706750511635 0.6829501277991867 0.16823951322175884 0.6828597767918729 0.16779126016221776 0.682543548266275
8 0.14914393288530925 0.6798330180468625 0.15819864468803888 0.679336087506637 0.15900550019521278 0.6799233690541763 0.16008130753811137 0.6802847730834313 0.16079851243337706 0.6804654750980588 0.16124676549291814 0.6811431076529118 0.16088816304528528 0.6815496871858238 0.1602606087619278 0.6818659157114219 0.1582882952999471 0.6819562667187355 0.15604703000224174 0.6819110912150788 0.15595266825067775 0.6810627413354162 0.15505616213159562 0.6805106506017156 0.14923358349721746 0.6803751240907451
8 0.2365058910554592 0.695189408500966 0.2384584813828201 0.6949707590632667 0.23835000414241114 0.6940961613124697 0.2384584813828201 0.6927296023268492 0.2384584813828201 0.6913630433412288 0.2365058910554592 0.6915270304195034 0.23628893657464134 0.6928935894051237 0.23628893657464134 0.6944787978284434
8 0.24203823031631508 0.6875913405409164 0.2414958441142704 0.6899964843556083 0.24203823031631508 0.6910897315441048 0.24475016132653857 0.6908164197469806 0.2446416840861296 0.6897778349179091 0.2446416840861296 0.6878646523380405 0.24442472960531178 0.6874820158220668
8 0.25190965919352853 0.687700665259766 0.2529944315976179 0.6873180287437922 0.254621590203752 0.687154041665518 0.25538093088661457 0.6870993793060931 0.25614027156947716 0.6872633663843676 0.2570080894927486 0.6875913405409164 0.2576589529352023 0.6879193146974655 0.2558148398482504 0.6886845877294128 0.2542961584825252 0.6889032371671121 0.252885954357209 0.6891765489642361 0.25115031851066594 0.6895591854802099 0.24843838750044245 0.6896685101990595 0.24724513785594415 0.6897231725584843 0.24724513785594415 0.6900511467150332 0.24648579717308158 0.6897778349179091 0.2462688426922637 0.6895045231207849 0.2462688426922637 0.6891218866048113 0.2462688426922637 0.6886845877294128 0.24637731993267262 0.6882472888540143 0.24670275165389943 0.6878646523380405 0.24702818337512633 0.6876460029003411 0.2478960012983978 0.6879193146974655 0.24800447853880672 0.6882472888540143 0.2500655461065766 0.6883019512134391
8 0.7105854354784036 0.2866896717756639 0.7131617120794864 0.2866896717756639 0.7137597762904523 0.28678240048145065 0.7138057812297572 0.2870142222459175 0.7139898009869774 0.28759377665708463 0.7139437960476723 0.2879183271273383 0.7138977911083673 0.28815014889180507 0.7134377417153168 0.28833560630337857 0.7125636478685208 0.2884051528327186 0.7121496034147754 0.2884283350091653 0.7114595293251996 0.2884746993620587 0.7105394305390985 0.2884978815385054 0.7098033515102178 0.2884978815385054 0.7092052872992521 0.2884746993620587 0.7086992329668965 0.28838197065627197 0.7083771983917612 0.2883124241269319 0.7082391835738462 0.288011055833125 0.7082391835738462 0.2878024162451048 0.708193178634541 0.28764014100997803 0.7074570996056602 0.28747786577485124 0.707227074909135 0.28747786577485124 0.7068590353946945 0.28743150142195784 0.7066290106981693 0.2873619548926178 0.7065830057588641 0.2870374044223642 0.7065370008195592 0.2868751291872374 0.7065370008195592 0.2865737608934305 0.7065830057588641 0.28624921042317686 0.7068590353946945 0.2856928381884564 0.7075951144235754 0.28518283030662933 0.7086532280275916 0.2850901016008426 0.7098033515102178 0.28525237683596943 0.710033376206743 0.285576927306223 0.7103094058425732 0.28608693518805006
8 0.24799623483165834 0.7563541817674724 0.24799623483165834 0.7582844078328115 0.24799623483165834 0.7592700551853252 0.24791473427537816 0.7601735652584626 0.2470182281562961 0.7601735652584626 0.2451437153618516 0.7597628788615819 0.24383970646136846 0.7594753983837655 0.24400270757392886 0.759187917905949 0.24481771313673079 0.7586950942296923 0.24595872092465354 0.758612956950316 0.24644772426233466 0.758571888310628 0.24685522704373564 0.7574219663993621 0.24677372648745546 0.7569291427231053 0.24693672760001584 0.7564363190468485
