8 0.4469091481378924 0.9983062915106486 0.4631565099454084 0.9364859316493316 0.46871481793219016 0.9347922231599806 0.46272894779257895 0.9576572877662212 0.4631565099454084 0.9618915589895988 0.4588808884171148 0.9729006641703816 0.45155719859434507 0.9988935186969975
8 0.4745565974679255 0.9933076199885538 0.47359120671292615 0.9904394571265052 0.47117772982542766 0.9980878914253012 0.47431524977917566 0.9990439457126508
8 0.49314036950166373 0.9220815755810166 0.49507115101166255 0.9216035484373418 0.49651923714416163 0.9225596027246913 0.4984500186541604 0.9168232770005943 0.494347107945413 0.9149111684258954 0.4851758957729187 0.9196914398626429 0.4825210711966704 0.9235156570120409 0.4825210711966704 0.9263838198740894 0.48493454808416897 0.9263838198740894 0.48758937266041724 0.924949738443065 0.4902441972366656 0.923037629868366
8 0.4776941174216735 0.9005703541156529 0.4762460312891745 0.8962681098225802 0.4820383758191708 0.8766689969319157 0.4837278096404197 0.8776250512192653
8 0.48227972350792064 0.8757129426445662 0.4842105050179194 0.8785811055066146 0.48541724346166865 0.8747568883572167 0.48855476341541665 0.8752349155008914 0.4907268926141653 0.8714106983514935 0.49338171719041357 0.8718887254951683 0.4953124987004124 0.8675864812020956 0.49796732327666066 0.8613721283343239 0.49893271403166006 0.8642402911963722 0.5042423631841567 0.8585039654722751 0.5054491016279059 0.8546797483228774 0.506897187760405 0.8527676397481784 0.5083452738929042 0.8522896126045034 0.5134135753566509 0.8465532868804065 0.5093106646479034 0.8441631511620329 0.49965675709790963 0.8570698840412512 0.4962778894554118 0.8570698840412512 0.4912095879916649 0.8661523997710713 0.4861412865279181 0.8661523997710713
8 0.5172751383766484 0.8432070968746834 0.5143789661116503 0.8441631511620329 0.5138962707341506 0.8479873683114308 0.5153443568666497 0.849421449742455 0.5170337906878986 0.8484653954551057
8 0.5095520123366534 0.8250420654150432 0.5078625785154044 0.826954173989742 0.5078625785154044 0.8298223368517906 0.5093106646479034 0.8307783911391401 0.5112414461579022 0.8298223368517906
8 0.4896919291041997 0.8577429088093809 0.48820312939513033 0.8568214080223359 0.4868073796678779 0.8577429088093809 0.48652822972242743 0.8586644095964258 0.48634212975879376 0.8599545106982887 0.48652822972242743 0.8617975122723781 0.4875517795224125 0.862350412744605 0.4891336292132987 0.8629033132168318 0.4896919291041997 0.862534712902014 0.48997107904965015 0.8619818124297871 0.4903432789769175 0.8595859103834705
8 0.4947631242677227 0.870765027147445 0.4965614193823126 0.8746236513520583 0.5121466437087583 0.8588923372870965 0.5115472120038951 0.8550337130824832 0.505552894955262 0.8588923372870965 0.5003078675377082 0.8648286822172707
8 0.514094796749564 0.8606732407661488 0.5127460754136216 0.86037642351964 0.5121466437087583 0.8636414132312359 0.5124463595611899 0.8660159512033055 0.5134953650447007 0.8660159512033055
8 0.5018064467998664 0.8096206743666502 0.503005310209593 0.8093238571201415 0.5042041736193196 0.8102143088596676 0.5040543156931038 0.8143697503107896 0.5034548839882405 0.8158538365433333 0.502106162652298 0.8161506537898419 0.5013568730212189 0.814963384803807
8 0.5290096599145745 0.7490796487409368 0.5389049151533182 0.7380850244364177 0.5401116535970674 0.7438213501605146 0.529733702980824 0.7538599201776843
8 0.5576906926744369 0.7335497044005238 0.5597887036414585 0.7273165422238409 0.5581402664530843 0.7255356387447887 0.5570912609695736 0.7264260904843147 0.556791545117142 0.7285038112098756
8 0.5584399823055161 0.7219738317866838 0.559339129862811 0.7175215730890534 0.5585898402317319 0.7142565833774576 0.5570912609695736 0.7151470351169835 0.5570912609695736 0.7184120248285795
8 0.5530450969617463 0.6884334829311995 0.5537170911572026 0.6865202189326449 0.5545630000828102 0.6865202189326449 0.5548167727604923 0.6892009484949572 0.5543938182976886 0.692049223654914 0.5534633184795203 0.6918816780572695
8 0.6012678041774092 0.589418586742957 0.6052514007553206 0.5973087277405993 0.6331365768006991 0.5567308597527243 0.6428110256327693 0.5533493707537347 0.6502091335631759 0.5623666747510403 0.6576072414935824 0.583782771744641 0.6587454119444142 0.5702568157486827 0.649070963112344 0.5499678817547452 0.6354129177023626 0.5465863927557556 0.6217548722923814 0.5578580227523876
8 0.643949196083601 0.6097075207368945 0.6502091335631759 0.6209791507335264 0.6485018778869283 0.6322507807301583 0.6502091335631759 0.6367594327288111 0.6519163892394235 0.6446495737264535 0.6519163892394235 0.6694471597190437 0.6519163892394235 0.6818459527153388 0.6541927301410869 0.688608930713318 0.6558999858173347 0.6559212037230854 0.6564690710427505 0.6221063137331896 0.6502091335631759 0.6051988687382417
