8 0.9375218603568348 0.9018536323917006 0.9418016279538041 0.9060594692624264 0.9508366928807392 0.9308271752789242 0.9501233982812444 0.9401734794360932 0.9412507342866593 0.9132173263408623 0.939884566620417 0.9097789662537076 0.9372862209719144 0.9069063230799311
8 0.9055551030324858 0.908453569333421 0.9123432810391988 0.9088046701657714 0.9221682755225993 0.9112623759922246 0.922346911785934 0.9154755859804301 0.9155587337792208 0.9189865943039347 0.9123432810391988 0.9189865943039347 0.9084132832458387 0.9175821909745328
8 0.8895233850316973 0.8237554034059464 0.9005273788531057 0.8264588798150447 0.9093698738881664 0.8245278252371173 0.9123173722331863 0.8268450907306303 0.9146753709092024 0.8280037234773867 0.9081088365968009 0.8308521623541406 0.9055466061958544 0.8315715821321965 0.9068887268820645 0.8370871337639568 0.9120131876839572 0.8435619117664581 0.914819440027851 0.8428424919884023 0.9149414509993246 0.8469192040640513 0.9132332973986936 0.8507561095470151 0.912379220598378 0.8538735952519231 0.91176916574101 0.8483580436201628 0.9087188914541691 0.8442813315445137 0.9045705184240653 0.8392453930981241 0.9020082880231189 0.8318113887248816 0.8987139917933306 0.8298929359833999 0.8910272810744049 0.8272550386314667
8 0.9218488308124381 0.8070033920793926 0.9252041325279632 0.8109602008586989 0.9219830428810591 0.8138618606301903
8 0.916077711861735 0.8112239881106527 0.9192988015086391 0.8112239881106527 0.918933310814352 0.8142849188726732 0.91682493189332 0.8146452593575495 0.9153582335134716 0.813203897418044
8 0.9203955197544541 0.8195407076227648 0.9203955197544541 0.8269276875627305 0.9176454602922383 0.8308914328963707 0.9165454365073519 0.8272880280476067 0.9158120873174278 0.8260268363505395 0.9186538154283839 0.8253061553807869 0.9189288213746054 0.8200812183500793
8 0.8989924241943548 0.8201197712266903 0.8875954305936102 0.8046713346032708 0.8777704361102097 0.7903815307266074 0.8683384414061454 0.7776365705122863 0.8583169470330769 0.766436453960307 0.8545834491293847 0.766436453960307 0.8555659485777247 0.7710709849473328 0.861264445378097 0.7733882504408459 0.883075933131246 0.8035127018565142 0.8961601690399817 0.8205510764914663
8 0.6584597811572748 0.6840607959958065 0.7109842016655338 0.6972305882172717 0.7282761919563185 0.7031782363172884 0.7392877148688073 0.7090566800287994 0.7317030156275117 0.7100847734860878 0.7219759132980389 0.7060475052805466 0.6872230402493166 0.6971103931843533 0.6584788415127565 0.6897691939624804 0.6562052890703165 0.6894500113876164
8 0.7713335663352467 0.7176010842993114 0.7788988120874649 0.7180259163064554 0.779979561480639 0.723123900392184 0.7715497162138815 0.7226990683850399
8 0.8466301624867163 0.021384476761972214 0.8529520332675667 0.021768251605727772 0.8595615750109452 0.02422595743218091 0.8743883848677133 0.039674394055600616 0.8897511035144849 0.056878334840772565 0.9036847320545802 0.06846466230833735 0.920813399685573 0.0786491494825765 0.9388597530527933 0.07967724293986507 0.9414751665842747 0.07505082238206645 0.9252596026890911 0.0729946354674893 0.9174542800428838 0.07152075763970482 0.9004838064525988 0.05923222850743915 0.8883365691193515 0.0486992035369257 0.8724513845567679 0.030001391465151385 0.8621170552729507 0.02071608019637921 0.8548830247742785 0.017814420424887907 0.8483871606530221 0.016943922493440518 0.8469108278981909 0.017234088470589645
8 0.4358304066344311 0.5769148887231319 0.43863495816776277 0.5772144262043707 0.43885110804639765 0.5857110663472516 0.43517656010960587 0.5814627462758111
8 0.38291027070585526 0.567071692475898 0.38909215723481094 0.5764179966330668 0.3893299221013092 0.5820257791273682 0.3838613301718485 0.5806238335037929 0.38219697610636044 0.5722121597623409
8 0.45911449709203145 0.6028791288549749 0.466699196333327 0.6028791288549749 0.46486840686129016 0.6085336428700621 0.46094528656406836 0.6075055494127735
8 0.39061974267919636 0.41651060926248923 0.3960883346086571 0.4123047723917632 0.4046478698025956 0.4127720875996217 0.4048856346690939 0.41978181571749834 0.3965638643416537 0.4169779244703477 0.39275962647768103 0.42211839175679056
8 0.38002641397544246 0.5476350966901213 0.3795422077429179 0.5523705684226385 0.37747534188615445 0.5526607343997876 0.37747534188615445 0.5456967509482086
8 0.3932969100662027 0.5696577524662396 0.3934934099558707 0.5766095489467784 0.3948689091835467 0.5781543926091205
