8 0.8089181251198425 0.8690700508842434 0.8142376431408319 0.862005066012617 0.8231035065091477 0.856706327358897 0.8470413376035998 0.8593556966857568 0.8727523413717151 0.8624466275670936 0.9011231041503253 0.8637713122305235 0.9312670396025983 0.8637713122305235 0.9982268273263369 0.8668622431118601 0.9994494996387284 0.871626579825794 0.9911919942196541 0.8740941546873533 0.9785304859104067 0.8740941546873533 0.9636669761560729 0.871626579825794 0.9218289486994293 0.8708040548719409 0.857970906791921 0.8708040548719409 0.8056733724711165 0.871626579825794
8 0.8452533746087376 0.838841381349911 0.8508933619177157 0.8375305249245822 0.8561573500727614 0.8384668509426741 0.8550293526109659 0.8412758289969502 0.8478853686862606 0.8418376246078054 0.844501376300874 0.8412758289969502
8 0.8576613466884888 0.8420248898114238 0.8640533323053304 0.8410885637933317 0.8727013128457629 0.8395904421643847 0.877589301846877 0.839777707368003 0.8805972950783318 0.8420248898114238 0.8911252713884236 0.8420248898114238 0.903157244314243 0.8395904421643847 0.9091732307771525 0.8412758289969502 0.9212052037029719 0.8433357462367526 0.9304401565226076 0.8450211330693184 0.9041202157473779 0.8453956634765553 0.8744162825867615 0.8453956634765553 0.8563683231980326 0.8446466026620817
8 0.9590160922214283 0.8435230114403711 0.9669120744539971 0.8394031769607664 0.977440050764089 0.8384668509426745 0.9789440473798163 0.8416503594041872 0.9733040600708385 0.8446466026620817 0.9642800803764741 0.845770193883792
8 0.7100505978694526 0.713607821283287 0.7186948184183458 0.7129280485941523 0.7246092851096939 0.713607821283287 0.7223344902284061 0.7149673666615567 0.7141452286557705 0.7156471393506917
8 0.2027534293700105 0.8537716916884033 0.17593419268085564 0.8511002442838196 0.11907741089984743 0.8489630863601524 0.08474878793772928 0.8468259284364855 0.04398354817021391 0.8441544810319017 0.048274626040478684 0.8516345337647363 0.14267833918630368 0.8559088496120703 0.17706219014265132 0.8596777929032061 0.2030061317639491 0.8596777929032061 0.2093981173807906 0.8594905276995876
8 0.2548940150065447 0.848067350278865 0.21240611061224537 0.8486291458897202 0.18533417152915202 0.8493782067041938 0.16014222821571797 0.8465692286499178 0.14660625867417126 0.8431984549847865 0.1439742645966483 0.8387040900979447 0.15375024259887649 0.836456907654524 0.19736614445497133 0.840202211726892 0.2327100649245654 0.8415130681522208 0.25188602177508984 0.8431984549847865 0.2594060048537269 0.8454456374282073
8 0.31685988709992086 0.8503648858350885 0.34142767181782807 0.8512712494206017 0.3719099232270833 0.853310567488006 0.37691447196591626 0.8476457950785494 0.36463057960696266 0.8444735225292537 0.34142767181782807 0.8440203407364971 0.3227743537912689 0.8431139771509841 0.3154950101711482 0.843793749840119
8 0.09011718720986073 0.8354127767291201 0.10618260560513076 0.8352425356349216 0.11028441455711463 0.833540124692936 0.09900443993915906 0.8306460260915608 0.08977536979719541 0.8304757849973622 0.08464810860721564 0.8314972315625535
8 0.029883634192446523 0.8505021378561913 0.03175136132947443 0.8471301060743744 0.025214316349876757 0.8463161673684187 0.018677271370279077 0.8444557360405198 0.011906760498552911 0.8450371208304882 0.0004669317842569769 0.8450371208304882 0.00023346589212848846 0.8511997996041533 0.0060701131953407 0.8517811843941216 0.021478862075820938 0.8518974613521153 0.027548975271161638 0.8509672456881661
