8 0.0003605312428791565 0.4649857847289111 0.01129664561021357 0.47102468304713696 0.021030989167950796 0.4755313235831265 0.03112586396856718 0.4790465032011982 0.038576842988069744 0.48292221406214914 0.03364958266872127 0.48526566714086367 0.027881082782654765 0.4831926124943086 0.02018974960123276 0.47967743287623676 0.016223905929562042 0.4780550422832805 0.013099301824609354 0.47562145639384623 0.005528145724147065 0.4715654733360401 0.0003605312428791565 0.4676897690505048 0.0 0.46480551910747153
8 0.046268176169491755 0.4631831285145154 0.052998092703235994 0.47129508147929644 0.05672358221298729 0.476973448554643 0.05888676967026222 0.4777846438511212 0.061410488370416315 0.4833728781157481 0.06345349874673153 0.4920256279448479 0.061650842532335756 0.5058159479849755 0.059247300913141385 0.5107732525745641 0.05624287388914841 0.5115844478710422 0.05600251972722897 0.5063567448492943 0.05780517594162475 0.49130456545908957 0.05780517594162475 0.48526566714086367 0.05419986351283321 0.4788662304065777 0.04759012406004866 0.47102468304713696 0.045787467845652866 0.4669687065647464
8 0.0688848627172786 0.5121171534610898 0.06686004341854675 0.515256603571189 0.05766171383426356 0.514798790804819 0.04177052957512719 0.5132345023543103 0.026574584627328025 0.5104783750843662 0.009931990161960232 0.5062324492901283 0.0006952393113372163 0.5022099932745344 0.0003972796064784093 0.5003477451191669 0.0035755164583056837 0.4996773357832346 0.007151032916611367 0.5016885637910315 0.013209546915407109 0.5036997917988285 0.018473501701246033 0.5036997917988285 0.02036057983201848 0.5045936709134049 0.019466700717442054 0.5004222350453815 0.015195944947799156 0.5001987652667376 0.011719748391113071 0.4981130473327259 0.011620428489493472 0.49572936969385545 0.01370614642350512 0.4949844704317084 0.019069421110963648 0.49453753087442026 0.02532657491299859 0.49461202080063493 0.026319773929194615 0.4997518257094493 0.024432695798422173 0.501092644381314 0.024730655503280977 0.5037742817250432 0.03376876655066479 0.505338570175552 0.04211163828671138 0.5080202075192812 0.04618375425311508 0.5088395967076429 0.0506227005083573 0.5091074714548027 0.0526232573922299 0.5099913450130258 0.05559462263781779 0.5106220593340232 0.056155257589815495 0.5117993927332184 0.06080852769139652 0.5117573501313314 0.06445265487938166 0.5117153005578986
8 0.1131143170913414 0.2434717697171128 0.10960145010092708 0.24803849680465137 0.09929704026237837 0.2524295805426693 0.0822010875756953 0.26771055195097165 0.07259925113522947 0.27754657952413175 0.06276322356206934 0.2908954740877062 0.05714263637740642 0.290368544039144 0.06885219301212085 0.2750875726308417 0.08524557230072105 0.2591040278244565 0.09648674667004692 0.24909235690177564 0.10538600971242987 0.2459307766104028
8 0.10960257372963964 0.2780493454561738 0.10239194887205652 0.2778690798347343 0.09301813655719846 0.27507496270242077 0.08244255343274318 0.27155978308434897 0.07967848057066966 0.2721907127593875 0.0800390118135488 0.2739933689737833 0.08929264704744717 0.27705788453825614 0.0984261052003858 0.2800322672920092 0.10960257372963964 0.28048293134560814
8 0.0711704261407019 0.28151134049594567 0.08939275519818266 0.28132665105393695 0.09883224998021096 0.2812035308834882 0.09579519513729752 0.28009541627864143 0.08528862703208338 0.2802185401236244 0.07486414149019124 0.2800338543561499 0.07215541690056573 0.28009541627864143
8 0.054511965602576075 0.3110549194247248 0.059036821040163306 0.3055397166259568 0.06286063725251799 0.30324542689854395 0.07018051400188269 0.301852465278329 0.06974350643475644 0.29955817555091624 0.06428091184567832 0.29980399230742477 0.058381309689473915 0.301852465278329 0.0546667453689008 0.30496614419410356 0.05237245564148799 0.3086533955417313 0.05342696039696986 0.3114707176714102
8 0.14521422938498624 0.6039937052159516 0.1569927850898483 0.6065021013382833 0.1744424972451995 0.6062839799363414 0.1866572957539453 0.6053024336276029 0.193200937812202 0.603012158907213 0.21108689277143694 0.6039937052159516 0.22315627701222152 0.603012158907213 0.22315627701222152 0.6053024336276029 0.2198117488491125 0.609119558161586 0.2057065648568703 0.609119558161586 0.2032345223015289 0.6094467402644989 0.19974457987045866 0.6101011044703244 0.18316735332287504 0.6097739223674117 0.16702636957917524 0.6094467402644989 0.1552478138743132 0.6087923760586732 0.14565047218887003 0.6072655262450799 0.14027014427430343 0.6058477371324577
8 0.8015880291142946 0.541252625693495 0.7983889152191469 0.5459422358352456 0.7954806298599217 0.5469237821439842 0.7950443870560381 0.5420160506002916 0.7976618438793406 0.5397257758799018 0.8002793007026433 0.539398593776989
8 0.7977380539288184 0.5210438178798099 0.7977380539288184 0.5226825962565333 0.7926727389462187 0.5233530055924657 0.7887992627830542 0.5255877033789067 0.7850251065215091 0.5290887299109978 0.782840068685878 0.5304295485828623 0.7822441492761604 0.5281948507964213 0.7816482298664428 0.526034642936195 0.7799597915389094 0.5298336291731447 0.7787679527194742 0.5322173068120152 0.7789665925227135 0.5358673131965356 0.7831380283907368 0.5404856886218471 0.7826414288826388 0.5479346812433172 0.7790659124243331 0.5411560979577793 0.7742985571465921 0.5317703672547269 0.7756890357692666 0.5266305623459125 0.7793638721291919 0.5232785156662509 0.7819461895713015 0.5237254552235392 0.7834359880955956 0.5246193343381156 0.7867135448490424 0.5222356566992451 0.7882033433733365 0.5204478984700923 0.791778859831642 0.5195540193555158 0.7963475753061438 0.5197029992079453
8 0.7905590189736901 0.4063716787757939 0.7980080115951602 0.39944411563782656 0.8073440823474028 0.3898349151561301 0.8124093973300026 0.3866318483288979 0.8093304803797949 0.38625939869782433 0.8057549639214892 0.38715327781240083 0.8021794474631835 0.39132471368042415 0.7905590189736901 0.40190228320291177 0.7860896234008081 0.40629718884957916
8 0.7990117891748492 0.45493790485968894 0.8002135599844464 0.4573141335059379 0.7996673005255386 0.46919527673718275 0.7995580486337572 0.479765397267049 0.7970452551227811 0.479765397267049 0.7957342324214024 0.46911333781834663 0.795078721070713 0.4607555680970571 0.7924566756679554 0.4565766832364124 0.7947509653953684 0.45420045459016334
