8 0.2827269951720306 0.4596877100033047 0.2904439748362511 0.44882100102883987 0.299412356608183 0.4438055968867792 0.3123435117212012 0.4438055968867792 0.32089475945722934 0.44505944792229435 0.32089475945722934 0.45049280240952677 0.29190394396191444 0.45550820655158747 0.28481266535154964 0.46679286587122415 0.2787642218309444 0.47473392242948687 0.2732841244084791 0.4820750003713124 0.2775431712719874 0.4667997939588463
8 0.6848125597012238 0.6004553915557674 0.6896096011141176 0.6000374412105957 0.697743714814242 0.6109041501850606 0.6952409105988191 0.6196811074336668 0.6900267351500214 0.6155016039819495 0.6850211267191757 0.6079784977688585
8 0.7001796653301056 0.6216478805319042 0.7047381958775142 0.6216478805319042 0.7102939049821684 0.6313537146524142 0.7137128028927249 0.6422014116106312 0.7054504662755469 0.6350647688749621 0.7000372112504991 0.6293554546864268
8 0.6719737575680146 0.621933346241331 0.6800936401055863 0.6125129778302478 0.683797446175356 0.6090873893171266 0.6863616196082731 0.6145112377962352 0.68280026761811 0.6205060176941972 0.6775294666726688 0.6247880033355987 0.6752502013989647 0.6262153318827325
8 0.6805643355790901 0.6263951898384226 0.6858351365245313 0.6263951898384226 0.6895389425943008 0.6255387927101423 0.6938125649824964 0.6275370526761297 0.6896813966739073 0.6318190383175312 0.6856926824449248 0.6321045040269578 0.6807067896586968 0.6315335726081044
8 0.6996238720275734 0.5413478715525187 0.7050394816655072 0.5347420534831391 0.7096309767933207 0.5333265210397006 0.7116323977464701 0.5389886508134545 0.7082182090616856 0.54323524814377 0.7024494074908432 0.5458303909567406 0.6996238720275734 0.5467740792523662
8 0.7202267347805824 0.48543434003669816 0.7241118460425784 0.48071589855856983 0.7281146879488773 0.4795362881890377 0.7309402234121471 0.4790644440412249 0.7325884524323879 0.4849624958888853 0.7283501492374832 0.4894450152931073 0.7224636170223377 0.4920401581060779
8 0.7658613220123094 0.47931694782602174 0.7658613220123094 0.4718948393809259 0.7701349444005049 0.46875471657723156 0.7755481994255526 0.4710384422526456 0.7734113882314549 0.4824570706297162 0.7691377658432593 0.486168124852264 0.7657188679327028 0.4821716049202894
8 0.7719868474353898 0.45904888245672154 0.7702773984801116 0.46275993667926946 0.7735538423110614 0.46447273093583 0.774266112709094 0.46418726522640325 0.7749783831071266 0.4599052795850018
8 0.7818161789282396 0.4533395682681863 0.7802491840525678 0.45819248532844126 0.7812463626098135 0.4613326081321357 0.7862322553960417 0.4593343481661483 0.7836680819631242 0.4547668968153202
8 0.8090249081330847 0.42051101168410854 0.806318280620561 0.4259348601632171 0.8084550918146587 0.4316441743517523 0.8115890815660022 0.4299313800951917 0.8127287142028543 0.42479299732551
8 0.7066104577410293 0.5892115907271308 0.7128674682795865 0.5804726289644493 0.7176076277784934 0.5781928998089672 0.7195036915780563 0.5854120421346606 0.7157115639789307 0.5884516810086368 0.7090753406804609 0.5914913198826129
8 0.7248126702168319 0.6154284760151754 0.7263295212564823 0.60972915312647 0.7291736169558266 0.608589288548729 0.7325865317950394 0.609349198267223 0.7341033828346898 0.6154284760151754 0.7299320424756516 0.6177082051706575
8 0.7414980316529846 0.5998503267860474 0.7437733082124598 0.593391094178848 0.7485134677113667 0.5888316358678838 0.7519263825505795 0.5850320872754136 0.755528903769749 0.5835122678384255 0.7576145739492681 0.5831323129791784 0.7617859143083061 0.5819924484014374 0.7625443398281313 0.59187127474186 0.7648196163876066 0.6017501010822826 0.7591314249889183 0.608969243407976 0.755528903769749 0.60972915312647 0.7494614996111482 0.6021300559415296
8 0.7305016385244049 0.7192331557113869 0.7498414892799452 0.7112541036671997 0.7597010210376716 0.701755232186024 0.7680437017557479 0.6964358641565657 0.7739214995343926 0.6930162704233425 0.7746799250542176 0.6998554578897889 0.7651996060564037 0.7093543293709643 0.7494622765200327 0.7230327043038571 0.7403611702821314 0.7279721174740685 0.7352417980233119 0.7294919369110565 0.73126006404423 0.7268322528963274
8 0.8332682964607073 0.6633797914020747 0.8342767241477835 0.6610898054294617 0.8366933015833262 0.6616951320669364 0.8366933015833262 0.6646006999268138 0.8362099860962178 0.6683537250791558 0.8342767241477835 0.6664166798392374
8 0.8393515367624235 0.654552277744737 0.8388078068394261 0.6510413832473848 0.8400765099930864 0.6484990113699919 0.841224384274969 0.6547944083997268 0.8412847987108577 0.6568525189671403 0.8400160955571977 0.6584263682245738 0.8391702934547577 0.6558839963471809
8 0.8412847987108577 0.639661242462864 0.8433993039669576 0.6388137851703997 0.8435201328387347 0.6323973228131698 0.8410431409673034 0.631065604210726 0.8374786892498779 0.6354239560005425 0.8404994110443063 0.6412350917202977
8 0.8419823527712538 0.6202793372836989 0.8434927136684681 0.6154367241839028 0.8427677404378052 0.6130154176340048 0.8407740640534824 0.6121679603415405 0.8404719918740394 0.6162841814763671 0.8410761362329253 0.6196740106462244
8 0.8080274434012842 0.5324036963050215 0.8126159177962261 0.525716490782274 0.8142844539398414 0.5156856824981526 0.8076103093653803 0.5194472356046981 0.8048989381320054 0.5252985404371022 0.8057332062038131 0.531567795614678
8 0.812913650395388 0.5498639187746083 0.8128163523422451 0.5461593572835158 0.8145677172988173 0.54381963423651 0.8162217842022467 0.5449894957600129 0.8171947647336757 0.5504488495363598 0.8169028705742469 0.5529835495039493 0.8146650153519601 0.5541534110274522
8 0.833346241555397 0.5461593572835158 0.8341246259805402 0.5395301419836662 0.8361678850965412 0.5329009266838164 0.841227383859972 0.5311461343985622 0.8401571052754 0.5426497727130072 0.8361678850965412 0.5477191726481864 0.8318867707582536 0.5483041034099378
8 0.8653660172610642 0.528293226449736 0.867873209062139 0.5195008825993918 0.865209317773497 0.5160467475153279 0.8628588254599895 0.5160467475153279 0.8600382346837805 0.5216989685619777 0.8631722244351239 0.5276652018889971
8 0.8341828192351971 0.5179308211975445 0.8363766120611377 0.5210709440012389 0.8379436069368095 0.5188728580386528 0.8390405033497795 0.515418722954589 0.8374735084741078 0.5122786001508945 0.8362199125735704 0.5110225510294168 0.8341828192351971 0.5122786001508945
8 0.8714944496507847 0.4928964914935363 0.8707452546415843 0.4871056769521969 0.8698890317739267 0.48174381163614205 0.8688187531893549 0.48002801473500456 0.8669992795955827 0.4802424893476467 0.8658219731525534 0.48474645621313284 0.8671063074540397 0.4926820168808941 0.8684976696139831 0.4984728314222334 0.8708522825000415 0.4963280852958114
8 0.8497249376438346 0.4605172216225416 0.8512919325195064 0.45737709881884714 0.8512919325195064 0.452352902332936 0.8480012432805958 0.4504688286507195 0.8464342484049241 0.4570630865384777
8 0.8776412341594036 0.43583358951420265 0.8826318300329408 0.4300580304267059 0.8867060167096871 0.42409179709968653 0.8895266074858962 0.41843957605303655 0.8918770997994038 0.41153130588490894 0.8840421254210453 0.4156134655297117 0.8791844413064631 0.42566185850153376 0.8752669541172837 0.432256116389292 0.8720049599133449 0.43070722316334703 0.8698782037890088 0.43078289264431324 0.8684826303199829 0.4318482675262684 0.870675674342738 0.43451170473115625 0.874131380075564 0.43650928263482214 0.8759921447009319 0.4371751419360442
8 0.8735326942858957 0.3857717155250853 0.8750678251018243 0.38313491269224637 0.8769684632548786 0.382548956507171 0.8796732175496099 0.38328140173851516 0.8821586674420658 0.38445331410866584 0.883182087986018 0.3881155402653866 0.8828165806488921 0.39045936500568795 0.8804773336912868 0.38928745263553727 0.8785766955382325 0.3873830950340425 0.8761643471132018 0.386064693617623 0.8744830133624228 0.3865041607564295
8 0.589172971002528 0.3624244070398721 0.5937614453974699 0.35824490358815486 0.59814135277446 0.3549013008267811 0.6004355899719309 0.35699105255263974 0.5975156517206043 0.3636782580753873 0.5925100432897585 0.3661859601464176
