8 0.9085551882450411 0.6495320374370448 0.9176298642207243 0.6470172778461273 0.9218824656361658 0.6473632909738203 0.9369273297272324 0.6385143586345434 0.9430169175736164 0.6324307176512907 0.9508975606689368 0.6316933066230176 0.9566289374655335 0.6374082420921339 0.9458826059719148 0.645151057889001 0.9351362744782957 0.6512346988722538 0.9218824656361658 0.6560278705560288 0.9132854004412707 0.6578713981267115 0.9104197120429725 0.6530782264429366
8 0.8803299838608395 0.6296654262952667 0.8638522755706238 0.632615070408359 0.8470163562306209 0.6335368341937003 0.8291058037412562 0.6351960090073147 0.8158519948991263 0.6372238893350656 0.8022399750072089 0.6396204751769531 0.7900607993144407 0.6425701192900454 0.7871951109161425 0.6442292941036597 0.8104788291523167 0.6431231775612501 0.8387775020855132 0.6427544720471136 0.8609865871723256 0.6414640027476356 0.87495681811403 0.6399891806910896 0.8842703054084997 0.6335368341937003
8 0.8603506155498729 0.6915156993230118 0.8772323602635698 0.6873604906738398 0.8916674753086147 0.6842126053335579 0.8958267457453225 0.6828275357838339 0.8972947235465136 0.6791759887891069 0.8828596085014686 0.6819461278885551 0.87062646015821 0.6855976748832819 0.8615739303841985 0.6887455602235639
8 0.885061575203255 0.6711174023179854 0.8960714087121877 0.6697323327682614 0.902187982883817 0.6667103628415909 0.9031666347512777 0.6640661391557541 0.8916674753086147 0.6655771241190894 0.8828596085014686 0.6693545865274276 0.8823702825677383 0.6714951485588193
8 0.7446250322226472 0.6956709079721839 0.8067694258064004 0.6926489380455133 0.8258531372218837 0.6923971072182907 0.8517874117095916 0.6915156993230118 0.851787411709592 0.6882418985691188 0.8165559444810073 0.689752883532454 0.7994295368004454 0.6908861222549555 0.7441357062889169 0.6929007688727359
8 0.7263468577162732 0.6225164230640156 0.7557688840837131 0.6183597956410114 0.7713452509841224 0.6159845799707232 0.7698539968911947 0.6205109102562796 0.7548807750100858 0.6227415786168057 0.7339970708074864 0.6243638828790065 0.7237522347835698 0.6245666709117815
8 0.8100452766773296 0.6073296881258985 0.8218662413203104 0.606112959929248 0.8364454310466534 0.606112959929248 0.8351139653944544 0.609148163565889 0.822880817051196 0.6104073177020017 0.8123603094759937 0.6101554868747792
8 0.7895837324752678 0.6856183982244997 0.798941785985581 0.6855323963027654 0.8066287585119096 0.6859624059114371 0.8054590018231206 0.68759644242439 0.7925916782464398 0.6888864712504053
8 0.09583256036064518 0.6128981257516947 0.09201832910251002 0.6094628964764847 0.06341159466649655 0.6033285584850381 0.04767789072668913 0.5984210880918809 0.03623519695228374 0.5957219793756443 0.02479250317787835 0.5920413765807764 0.02336216645607768 0.59621272641496 0.04386365946855401 0.6052915466423009 0.07819174079177019 0.6136342463106683 0.09154155019524314 0.6148611139089577
8 0.04529399619035468 0.5760920978030153 0.04863144854122293 0.5743744831654103 0.030513850065081047 0.5692216392525951 0.01716404066160809 0.5650502894184114 0.00047677890726689136 0.5598974455055963 0.0009535578145337827 0.5672586510953322 0.02336216645607768 0.5738837361260946 0.031944186786881726 0.5756013507636996
8 0.010012357052604719 0.6192778372627992 0.0166872617543412 0.6180509696645099 0.02050149301247633 0.615842607987589 0.015256925032540523 0.6114258846337476 0.00047677890726689136 0.6079906553585375 0.0019071156290675654 0.6136342463106683
8 0.3353309791362413 0.6597303625210127 0.33310677034655795 0.6560673686705029 0.33888971319973477 0.6570975856909588 0.3468968648425948 0.6580133341535863 0.3497883362691832 0.6599592996366695 0.3484538109953732 0.6621342022354098 0.34133634286838643 0.6617907965619245
