8 0.2484766157584888 0.5414173708411177 0.24540808002249365 0.5446794271209777 0.24467783167344576 0.5493638239129907 0.24299895949196215 0.5493638239129907 0.24315158423573335 0.5531412863213289 0.24559358013607324 0.5537136291104711 0.24834082552395562 0.5576055600766378 0.25017232244921045 0.5602383369066916 0.2579561843815438 0.5637868621993729 0.26253492669468104 0.5621843023897749 0.2669610442640471 0.5593225884440641 0.2729134092711255 0.5578344971922945 0.27398178247752414 0.5546293775730985 0.26986091439570065 0.5501651038177896 0.2608560545131974 0.5466165785251083
8 0.28136604768804235 0.6066024869602424 0.2875778747595319 0.6019436166566252 0.2924466040858345 0.5990475621435659 0.29261449130398287 0.5960255922168953 0.2895925213773123 0.5950182689080051 0.28489167926915804 0.596781084698563 0.2806944988154489 0.6005585471069012 0.27867985219766855 0.6035805170335719
8 0.2712928145991404 0.6029509399655154 0.27582576948914633 0.5971588309393968 0.2790156266339653 0.5938850301855038 0.2790156266339653 0.5917444681541121 0.25937282211060647 0.5863301053688272 0.2538325439117104 0.5865819361960497 0.24023367924169278 0.5942627764263375 0.2432556491683634 0.5966551692849517 0.2514821228576333 0.6001808008660674 0.256854513838381 0.6023213628974591 0.2618911303828319 0.6039582632744056 0.26105169429209013 0.6089948798188566 0.26105169429209013 0.6116391035046933 0.26340211534616725 0.6120168497455272 0.2667598597091346 0.6093726260596903 0.26843873189061823 0.6071061486146875 0.27347534843506915 0.6097503723005242 0.279351401070262 0.6079875565099664 0.2741468973076626 0.6055951636513522 0.2721322506898822 0.6042100941016282
8 0.34937820868480557 0.6303179852723843 0.34697742146528393 0.6315645478671359 0.34790080116509997 0.6332266313268048 0.3499322365046952 0.6343346869665839 0.3523330237242168 0.6329496174168598 0.35288705154410643 0.6312875339571912
8 0.3595353853827817 0.6318415617770807 0.36452163576178814 0.6204839914693439 0.36729177486123615 0.6149437132704477 0.36692242298130984 0.6118965602610549 0.370800617720537 0.6080183655218276 0.3732014049400587 0.6066332959721036 0.3739401086999115 0.6084338863867448 0.3842819613378508 0.5990154134486215 0.3870521004372989 0.5954142326193391 0.3912996470564525 0.5936136422046978 0.39757862901520136 0.5949987117544219 0.40533501849365583 0.5981843717187871 0.4099519169927359 0.5861342666361882 0.41401478767192634 0.5825330858069057 0.41604622301152155 0.5879348570508294 0.4112446485724783 0.5967993021690631 0.40681242601336154 0.601924059503042 0.40607372225350863 0.6077413516118829 0.40385761097395023 0.6154977410903373 0.401826175634355 0.6190989219196198 0.3986866846549806 0.6224230888389574 0.39370043427597406 0.6311490270022188 0.39185367487634204 0.6339191661016668 0.3863133966774461 0.6344731939215563 0.38335858163803477 0.6340576730566392 0.3787416831389547 0.6339191661016668 0.3765255718593963 0.6335036452367495 0.3757351993571326 0.6306079522785148 0.3770944829542326 0.6286661185683721 0.37722393853490876 0.6276952017133006 0.3754115604054421 0.6285204810401113 0.37482901029239923 0.6301224938509792 0.37327554332428503 0.6310934107060505 0.37113952624312785 0.6314332316053255 0.36958605927501365 0.6331808819444541 0.36887405358129466 0.6345887113843076 0.367061675451828 0.6348799864408291 0.3637605581445852 0.6343945280132933 0.3625307301281614 0.6330352444161934 0.3609772631600471 0.6330352444161934 0.3602652574663281 0.6324526943031505
8 0.4432340267321732 0.6305571494791163 0.4287316098428029 0.6182055147555424 0.42676518043407474 0.6196803368120886 0.4247987510253466 0.6242891557387953 0.42996062822325803 0.6277918581230924 0.4319270576319862 0.6320319715356625 0.43708893482989775 0.633138088078072 0.4427424193799912 0.6333224408351403
8 0.46137617325388874 0.6060803364772342 0.45793609638451443 0.6061663383989685 0.45541337334697324 0.6087463960509993 0.45380800414126526 0.6074563672249839 0.45128528110372407 0.6071983614597809 0.4464691734866 0.6102944306422178 0.44738652731843315 0.6133044979029203 0.4525466426224946 0.6147665305724044 0.4536933349122861 0.6174325901461695 0.45541337334697324 0.6184646132069818 0.45931212713226416 0.6177765978331069 0.4613761732538888 0.6143365209637327 0.4627522040016385 0.6084023883640619
8 0.4629815424595968 0.6168305766940291 0.46309621168857595 0.6143365209637326 0.4664216193289712 0.6117564633117019 0.46802698853467917 0.6080583806771245 0.4712377269460952 0.6053063191816249 0.47444846535751123 0.6087463960509993 0.47972324989055193 0.613476501746389 0.4820166344701348 0.6152825421028105 0.4794939114325937 0.6230227150589028 0.47525114996036527 0.6286988418933704 0.4722697500069076 0.6291288515020422 0.4691736808244707 0.6286128399716361 0.46458691166530486 0.6280108265194956 0.46401356552040907 0.6257747765544023 0.465504265497138 0.6178625997548413
8 0.2924144359852923 0.6839071227788956 0.2925823232034407 0.6826479686427828 0.2914071126764021 0.681766560747504 0.28704204500454467 0.6840330381925069 0.2888888044041767 0.6782409291663882 0.2868741577863963 0.676729944203053 0.28670627056824793 0.6724488201402697 0.28418796229602244 0.6677899498366525 0.27780824800638454 0.6674122035958185 0.27277163146193356 0.6711896660041571 0.2685744510082244 0.6743375513444387 0.26387360890007017 0.6788705062344447 0.266559804390444 0.6830257148836167 0.29073556380380866 0.685418107742231
8 0.6464729532936271 0.6161603574562209 0.651005908183633 0.6069685322625977 0.6550352014191938 0.5994136074459213 0.6572177352551226 0.5958879758648057 0.6612470284906833 0.596013891278417 0.662925900672167 0.6013023386500905 0.6617506901451284 0.6050798010584286 0.6602397051817931 0.6092350097076007 0.6582250585640128 0.6121310642206601 0.6550352014191938 0.6159085266289983 0.6536921036740069 0.6166640191106659 0.6493270360021494 0.6175454270059448 0.6463050660754788 0.6175454270059448
8 0.6923712094910401 0.6044403045338632 0.692829083722354 0.5944815400027896 0.6934395826974388 0.5887581121113681 0.6943553311600664 0.5850951182608584 0.6981709497543475 0.5834925584512602 0.7022918178361709 0.5865832095126279 0.7033601910425695 0.5912764203835936 0.7029023168112558 0.5960840998123877 0.7021391930923997 0.6000904993363828 0.7013760693735434 0.6036390246290642 0.6996971971920597 0.6058139272278044 0.6974078260354911 0.6061573329012896 0.6946605806476088 0.6060428643434612
8 0.6106692822333415 0.6127140553443453 0.6206734918502461 0.6058192622299922 0.6209438758939462 0.6003439853450646 0.6171584992821444 0.6007495614106149 0.6117508184081418 0.6048053220661167 0.6079654417963402 0.6094694468199437
