8 0.6685659801640353 0.5417304703294905 0.6670311243185187 0.5405793284453532 0.6658373475497836 0.5390444725998366 0.6660078870881744 0.5371259027929407 0.6711240732398962 0.5367421888315617 0.6730000081621942 0.5391723772536295
8 0.8304187588182096 0.5612278824785104 0.8353625601937353 0.558343998342787 0.8386584277774193 0.5548421390351229 0.8463487854726818 0.5501043293835773 0.8532151762720231 0.5486623873157156 0.8644760571829431 0.547220445247854 0.8729903817741266 0.5428946190442688 0.8905683422204408 0.5369208590488418 0.8996319780755714 0.532801024569237 0.9040264681871498 0.5315650742253555 0.8996319780755714 0.5358909004289405 0.8880964415326776 0.54392457766417 0.869419858558469 0.5521642466233797 0.8625534677591276 0.5554601142070636 0.8438768847849188 0.5604039155825895 0.8331653151379463 0.5626698245463722
8 0.9332586814304016 0.5608158990305498 0.9379278271739537 0.5573140397228857 0.9428716285494795 0.5554601142070635 0.9480900855569788 0.5531942052432809 0.9500126749807946 0.5542241638631821 0.9494633637168473 0.5583439983427869 0.9458928405011897 0.5606099073065697 0.9385433239039324 0.5630669181806651 0.9359787840030813 0.5641440310708293 0.9337054411252343 0.5628863431555667 0.9315876084090049 0.5617744809795463
8 0.9673251464926422 0.605308449592242 0.9684526806307626 0.6000231333198018 0.9723990501141846 0.5902981513785123 0.9756407107612811 0.5821587643189546 0.9804327308482934 0.579833225159081 0.9804327308482934 0.5836386528752378 0.9781776625720524 0.5891353817985754 0.9747950601576908 0.5957948803018499 0.9721171665796544 0.6019258471778802 0.9702849236052086 0.6058369812194859 0.9674660882599073 0.6063655128467299
8 0.9398520429224958 0.6069935586407336 0.9416921199379682 0.6020859574331623 0.9380730101410144 0.5966572927377318 0.935258146965606 0.5870063332791886 0.9268135574393807 0.582180853549917 0.9203795844670186 0.5800697061683606 0.9183311884224071 0.584072245785316 0.9256643885732087 0.5907232877825547 0.9326565096472286 0.5968627111646211 0.9365789190302155 0.6030021345466874
8 0.9166257930384997 0.5798513922101456 0.913897160424248 0.5756305386349749 0.9016183136601152 0.5694911152529086 0.8901921645879363 0.5666772128694616 0.8688747222890947 0.5680841640611851 0.8519913079884124 0.5720492083287696 0.8289684703056637 0.5763979665577332 0.8206120329245178 0.5787002503260081 0.8124261350817626 0.5803630108253177 0.8108912792362462 0.5833048178625578 0.8168601630799217 0.5842001504391092 0.840224079839452 0.5779328224032497 0.8574485732169158 0.5742235874432513 0.8733087502872539 0.5719213036749766 0.8915564808950621 0.5711538757522183 0.9063934207350559 0.5753747293273889 0.9116801464251687 0.5784444410184221
8 0.69316358248842 0.6842311441128293 0.690993079272538 0.6828358206169053 0.6824661023530012 0.6791149579611073 0.6773499162012794 0.6763243109692589 0.6688229392817427 0.673766217893398 0.6626215015220798 0.6728360022294485 0.6573502794263664 0.6730685561454359 0.6578153872583411 0.6750452644313285 0.6638617890740125 0.6799288966670631 0.6717686222175827 0.6835334823648672 0.6765747364813215 0.6841148671548356 0.6846366055688834 0.6845799749868103 0.6908380433285464 0.6855101906507596
8 0.7354883951981198 0.6830683745328925 0.7395193297419007 0.6848125289027978 0.746650983165513 0.6852776367347725 0.7509919895972773 0.6852776367347725 0.752852420925176 0.683998590196842 0.7534725647011424 0.6813242201629873 0.7461858753335384 0.6801614505830506 0.7373488265260186 0.6785335731711389 0.7331628560382462 0.6806265584150252 0.7333178919822378 0.6828358206169053
8 0.7638449458141514 0.6700654184548067 0.775120287195357 0.6702768311057042 0.7804760743514294 0.6723909576146803 0.7842815020675862 0.6730251955673733 0.7958387269833218 0.6723909576146803 0.7972481446559724 0.6751393220763491 0.7954159016815265 0.6770420359344275 0.7903419980599842 0.6798961067215451 0.7806170161186944 0.6790504561179547 0.773569927755441 0.6766192106326323 0.7648315381850068 0.6737651398455147 0.7615898775379102 0.6715453070110898
8 0.8352630359893584 0.6602090344480455 0.8352630359893584 0.6583363824118613 0.8387586531235685 0.6577745868010062 0.8398398344206316 0.6599055489389876 0.8387915072260977 0.6610412367330656 0.8357630064418899 0.6610412367330656
