8 0.30287551085606185 0.500056250834537 0.3258239293109763 0.5064713968861052 0.34147069848338335 0.5086619345622505 0.35899499989254546 0.5116348071227335 0.36504505633142287 0.5130430099145411 0.35878637725672213 0.5135124108451437 0.3521104529103746 0.5135124108451437 0.3352120194086825 0.5096007364234557 0.3166446048204036 0.5060019959555027 0.3005806618620049 0.5016209206032122
8 0.3339223604029916 0.5304675825951847 0.3341578844812744 0.5322340131823056 0.3190843434711766 0.5322340131823056 0.31743567492319713 0.5312624763593891 0.31354952763153127 0.5310858333006769 0.3111942868487035 0.5295843673016243 0.31131204888784486 0.5281712228319276 0.31425610048717634 0.5295843673016243 0.3160225304535004 0.5297610103603364 0.3179067230797627 0.5293194027135562 0.3196731536668835 0.5294077242429122 0.32191063241056994 0.5302026180071165 0.3296829269939016 0.5304675825951847
8 0.30808692166533097 0.5221719897752638 0.31729377199820324 0.5232157896676534 0.3298193707068783 0.5236975434641409 0.3319604986912672 0.5222522820746784 0.3239312687498088 0.5222522820746784 0.3169726028005449 0.5216099436793618
8 0.3311012705758195 0.5194156741946016 0.31270703470993305 0.5178061785563365 0.298011110817082 0.5169302625627229 0.29129575486604403 0.5162733255675126 0.27783053392450135 0.5141248450591148 0.261697134562131 0.5121817714132819 0.25474917425278903 0.5115635207077895 0.25321826774395095 0.5130649867068423 0.2587530835835963 0.5136832374123347 0.26676090224521076 0.5147430957646072 0.2760641033373805 0.5160679187049477 0.29290407493459925 0.518629243056273 0.307035519631566 0.5198657444672575 0.3295280691075714 0.5203956736433938
8 0.18981142424413666 0.5027522176036281 0.20004493861675918 0.5018778344630033 0.22724796965842017 0.5070269796244605 0.2457719384153607 0.5091643606348768 0.24447655598480544 0.5113988953275846 0.22893196681814204 0.5089700532702935 0.20859446265842405 0.5055696743900858 0.19784278848481518 0.5045009838848777 0.19071818511676109 0.5045981375671694
8 0.2970511540527196 0.528178134053301 0.28890060779966575 0.5284132459644468 0.2874899363327911 0.5299414733868945 0.27197255019716926 0.5293536936090301 0.2671135707001564 0.5273552423642909 0.2617843673808519 0.5265323506752806 0.2531635973055065 0.5264147947197078 0.2523798909350206 0.5246514553861144 0.25002877182356276 0.5242987875193956 0.24767765271210493 0.5258270149418433 0.23607879842891288 0.5246514553861144 0.2282417347240534 0.5218301124523649 0.23106307765780282 0.5201843290743444 0.23999733028134262 0.5226530041413752 0.2478343939862021 0.5232407839192396 0.2553579751428672 0.5234758958303853 0.26507593413689295 0.5241812315638228 0.27087536127848894 0.5258270149418433 0.2752641169532103 0.5254743470751245 0.2796528693228096 0.526062126852989 0.2823174742875838 0.5275903542754367 0.288273642703277 0.5267674625864264
8 0.19251926571833158 0.5085092820359989 0.18616011560469656 0.5087742466240669 0.1812141099607582 0.5071844590956582 0.18192068219560653 0.5057713146259616 0.18733773599611045 0.5057713146259616 0.19004626289636242 0.5075377452130824
8 0.21666992399981078 0.5195097285172937 0.20925091553390318 0.5200396576934301 0.2020674311462784 0.5195097285172937 0.1947661847195123 0.5177432979301729 0.18781822441017032 0.5173016902833927 0.17957488167027302 0.5165067965191884 0.17592425845688997 0.515711902754984 0.17604202049603135 0.5149170089907796 0.1819301224531008 0.5142987582852873 0.18452088731421137 0.5152702951082038 0.19193989578011897 0.5152702951082038 0.1948839467586537 0.5156235812256279 0.19841680793289537 0.5164184749898323 0.20253847930284402 0.5175666548714609 0.206777912711934 0.5173016902833927 0.21372587302127602 0.5175666548714609
8 0.14843900233367568 0.5122935358397656 0.14950956632587015 0.5104687108530704 0.15457041428897117 0.5104687108530704 0.1659573222059485 0.5141183608264607 0.16654126620169094 0.5160161788126235 0.1696556341789839 0.5159431858131557 0.17257535415769604 0.5153592418174133 0.1745218341435041 0.5157242068147523 0.17500845413995614 0.5175490318014474 0.17169943816408234 0.5184249477950611 0.16994760617685511 0.5178410037993186 0.16751450619459496 0.5184979407945288 0.1613830942392995 0.5164541368094303 0.15904731825632978 0.5151402628190098 0.1529159063010343 0.5133154378323148 0.14989886232303176 0.5133884308317826 0.14756308634006204 0.5135344168307182
8 0.8347537610427739 0.47866768473673377 0.8540667354619618 0.47504650203313603 0.8702001348243322 0.47116035474147017 0.871966565411453 0.46939392415434933 0.8670205597675147 0.46983553180112947 0.8464122029177716 0.4744282513276437
8 0.8330165951129651 0.481851537109895 0.8332756715990761 0.48466899389635265 0.8286122948490771 0.48466899389635265 0.828353218362966 0.48282307393281143 0.8305553684949101 0.4820458444744783
8 0.5276537203793741 0.6610897259613231 0.5310405290246025 0.6608439092048145 0.5312590328081657 0.664039527039425 0.5267797052451216 0.6643672827147697
8 0.5135602263395526 0.6618271762308485 0.5132324706642079 0.6587134973150739 0.5132324706642079 0.6560095129934802 0.5153082566080576 0.6561733908311526 0.516947034984781 0.6606800313671422 0.5191320728204122 0.6633020767698996 0.5208801030889172 0.6646130994712783 0.5143249895820234 0.6648589162277869
