8 0.5629840936455758 0.5930106256127383 0.5641066125423239 0.5901835409838913 0.5648549584734892 0.5861923626843425 0.5627346450018539 0.5843630726303827 0.561487401783245 0.5876890545466733 0.5591176396678879 0.5903498400797058 0.5603648828864969 0.5943410183792546
8 0.5710826167544082 0.5841205899123049 0.5682713998830131 0.5829847447117412 0.5662268785219985 0.5860515267532632 0.5669935740323789 0.5897998159151233 0.5686121534431823 0.5922986753563635 0.5703159212440277 0.5922986753563635 0.5704011096340701 0.5890047242747287 0.5693788489535627 0.587528125513996 0.569464037343605 0.5854836041529813
8 0.6086766773326665 0.5730661415051491 0.6113097730248823 0.5721368136137788 0.6123165449072001 0.5735824347781325 0.6121616569253051 0.5796746953993378 0.6120842129343576 0.5838050415832058 0.6147947526175209 0.5858702146751398 0.6160338564726813 0.587522353148687 0.6148721966084685 0.590929888750378 0.6131684288076229 0.5917559579871516 0.6107676650882496 0.5870060598757034 0.6099932251787744 0.580294247326918 0.6098383371968794 0.5777127809620005 0.6090638972874041 0.5746150213240996
8 0.5973955203169531 0.5819725387344785 0.6012289978688556 0.579019341213013 0.6031883308398279 0.5816317851743095 0.6036142727900394 0.5841306446155495 0.5997807952381369 0.5835627220152677
8 0.566503452128381 0.6056140325012566 0.5677216461059856 0.6028652871158924 0.5722195931002179 0.6038648308923884 0.5741874449101944 0.6072382911380626 0.5732503726197293 0.6089874927469306 0.5684713039383577 0.6084877208586826 0.5662223304412415 0.6071133481660006
8 0.6081410986375878 0.6007177582391225 0.6089844636990064 0.5978440698816965 0.610015243218518 0.5929712939712782 0.6093592926151924 0.5897227766976662 0.6070166118890298 0.5928463509992162 0.6070166118890298 0.5960948682728283 0.6053298817661927 0.5985937277140685 0.6068291974309367 0.6019671879597427
8 0.5894454896639697 0.6024036506761243 0.5926826484855762 0.6028579887563498 0.5965161260374787 0.6008134673953351 0.5949827350167177 0.5975195163137005 0.5932789672158721 0.5988825305543768 0.5896158664440543 0.599564037674715
8 0.5949100646966813 0.4792943541928607 0.598339983547856 0.4796602122036526 0.5990092554890807 0.477338980884743 0.5973054876882352 0.47711181184463036
8 0.5495999892645603 0.47915633320564494 0.5589707121692107 0.47926991772570127 0.5600781612397603 0.4772253963646867 0.5553076113973928 0.4774525654047994 0.5536038435965472 0.4752944595237284 0.5511333802853212 0.47688464280451753
8 0.5619523058206904 0.4855170663288016 0.5711526519452563 0.485630650848858 0.5698748260946221 0.4843812211282379 0.5657857833725928 0.48347254496778697
