8 0.7643273095434463 0.7139470718486262 0.7659357870970739 0.7106396802524118 0.8001733807385765 0.7092222267111771 0.819245328874447 0.7106396802524118 0.857159442638527 0.7073322886561975 0.8762313907743973 0.7092222267111771 0.8936948613566402 0.7026074435187486 0.9051839867396949 0.6997725364362792 0.9391917978735362 0.6813456404002283 0.9550467909021516 0.6690610430428611 0.9601020060706956 0.6629187443641774 0.9681443938388337 0.6544140231167694 0.9736591740226999 0.6581938992267286 0.9754974340839886 0.6671711049878815 0.974118739038022 0.669533527556606 0.9695230888848002 0.67378588818031 0.9587233110247291 0.6808731558864836 0.9435576655190971 0.6898503616476365 0.9146050695537995 0.7040248970599832 0.8865716036191464 0.7144195563623709 0.8475085773167612 0.7172544634448402 0.8123518536446143 0.7191444014998197 0.804079683368815 0.7229242776097791 0.7850077352329444 0.7205618550410544 0.7732888273422289 0.7200893705273096
8 0.9677971112615673 0.6825819041555438 0.9656187902870076 0.6813377047590973 0.9622302909932481 0.6813377047590973 0.9576921222962487 0.6848214630691473 0.9536985338428892 0.6905447802928008 0.9520647931119695 0.6945262183614292 0.9515202128683297 0.6975122969129006 0.9506125791289296 0.7013693150418845 0.9438960894573705 0.7085856715412738 0.9360548260675655 0.7140964889004752 0.935146882421466 0.7188971823270114 0.9258080334901571 0.7244979913246371 0.9164691845588482 0.7356996093198884 0.9111512289174085 0.7367664300813409 0.904406504689241 0.740767007936788 0.8928626497602619 0.7434340598404192 0.8823564447125392 0.7450342909825979 0.8820970322422251 0.7477013428862292 0.8941597121118324 0.747167932505503 0.8975320742259162 0.747167932505503 0.8996073739884293 0.7562359089778493 0.9088165166845811 0.7517019207416762 0.9154315346775916 0.7434340598404192 0.925548621019843 0.7348994937487991 0.9498036869942148 0.7130296681390227 0.9603098920419371 0.7039616916666762 0.9614772481583507 0.6978274722883243 0.9603098920419371 0.6935601892425143 0.960050479571623 0.6906264321485199 0.964071372861492 0.6874259698641623 0.9678328536810471 0.6871592646737992
8 0.8849354585525776 0.7714623450257379 0.8781868431373554 0.7708169184650592 0.8747340631574743 0.7733986247077741 0.8747340631574743 0.7804983168752407 0.8747340631574743 0.7850163027999922 0.8736354513456939 0.7875980090427072 0.8720660059002934 0.7898570020050828 0.8695548931876526 0.7869525824820284 0.8670437804750118 0.7940522746494949 0.8670437804750118 0.7992156871349251 0.8646896123069109 0.8037336730596764 0.8604521096043295 0.8111560785074823 0.8565284959908283 0.8189011972356275 0.8474257124075052 0.8395548471773481 0.8526048823773269 0.8398775604576875 0.8624923886833503 0.8224510433193608 0.8711243386330529 0.8101879386664641 0.8877604603542987 0.7821118832769378 0.8913701848787199 0.7801756035949013 0.8910562957896397 0.7733986247077743 0.8877604603542987 0.7717850583060774
8 0.8082548466286341 0.759258798470578 0.8335309224713541 0.7857179312402921 0.8392754851628814 0.7918602299189758 0.8390457026552203 0.7833555086715677 0.8259480997185381 0.7635111590942821 0.8197439720116887 0.7559514068743638 0.810552671705245 0.7512265617369149
8 0.9613211539857136 0.8445578223778897 0.9658393002824218 0.84310051650882 0.9718634953446994 0.8423718635742852 0.9727494063832696 0.8414610474061165 0.9724836330716985 0.839275088602512 0.9669909846325632 0.8381821092007097 0.963358749374425 0.838546435667977 0.9615869272972847 0.8416432106397502 0.9602580607394293 0.8421897003406513
8 0.9192349801832104 0.5958618184838772 0.9251047061490083 0.5933769262252638 0.9295933201228539 0.5916020031833972 0.9314923491117885 0.589117110924784 0.9382252700725568 0.586987203274544 0.9380526310735628 0.5823724033656908 0.9340819340966994 0.5837923417991842 0.9240688721550441 0.586987203274544 0.9197528971801926 0.5912470185750239 0.9176812291922638 0.5923119724001439
8 0.89368440833209 0.6054464029099568 0.887987321365286 0.6093512336020634 0.8824628733974762 0.61112615664393 0.8783195374216188 0.6093512336020634 0.8740035624467672 0.6075763105601969 0.8643357785031002 0.6086412643853167 0.8601924425272428 0.6068663413434502 0.8529416045694924 0.6050914183015835 0.8439643766218013 0.600121633784357 0.8448275716167717 0.5979917261341171 0.8574302185433379 0.6015415722178503 0.8686517534779515 0.602251541434597 0.878492176420613 0.6026065260429703 0.8821175953994882 0.6047364336932102 0.8885052383622682 0.6015415722178503 0.8931664913351078 0.600121633784357
8 0.8405385808985946 0.621826840574776 0.8477206616882834 0.6213860055493824 0.8512581044652943 0.6187409953970208 0.8556531091276411 0.6187409953970208 0.8522228615862972 0.6147734801684783 0.8438616332042714 0.6171980728081432 0.8412889475482637 0.6171980728081432 0.8403241904272606 0.61741849032084 0.8396810190132585 0.6198430829605047
8 0.826462047685063 0.5723005342485517 0.8302714651509152 0.5699324122113133 0.8307144206702002 0.5659248210713714 0.8280566875544895 0.564285351968668 0.825753318854207 0.5619172299314296 0.8237157234654953 0.5661069843050052 0.8246016345040657 0.5719362077812842
8 0.815795318147538 0.5838558992811143 0.8192443263572576 0.5860954581947178 0.8208780670881776 0.5846024189189821 0.8204545046764575 0.5797500412728411 0.8179736391220979 0.5791279415746179 0.816581934055018 0.5771372225403036 0.8136775060889385 0.57838142193675 0.8147666665762184 0.5831093796432465
8 0.7978762323976898 0.5697040618282102 0.7993030009844175 0.567303715114942 0.7938553391078207 0.5619696113076794 0.7859432587632394 0.5553019815486013 0.7802361844163286 0.5489010569798861 0.7738805788936322 0.5414333116497186 0.7714161604256479 0.5454338895051655 0.7794579470053862 0.5574356230715063 0.7895750333476375 0.5649033684016739
